Time	x	y	z
0.0000000000	0.9092974295	0.4161468355	0.0000000000
0.0010010010	0.9093632672	0.4160029577	0.0000000000
0.0020020020	0.9095606696	0.4155712944	0.0000000000
0.0030030030	0.9098891989	0.4148517305	0.0000000000
0.0040040040	0.9103481199	0.4138440685	0.0000000000
0.0050050050	0.9109364039	0.4125480339	0.0000000000
0.0060060060	0.9116527281	0.4109632768	0.0000000000
0.0070070070	0.9124945137	0.4090889420	0.0000000000
0.0080080080	0.9134614562	0.4069252610	0.0000000000
0.0090090090	0.9145506633	0.4044713639	0.0000000000
0.0100100100	0.9157596386	0.4017266290	0.0000000000
0.0110110110	0.9170855925	0.3986903760	0.0000000000
0.0120120120	0.9185254436	0.3953618716	0.0000000000
0.0130130130	0.9200758179	0.3917403340	0.0000000000
0.0140140140	0.9217330505	0.3878249394	0.0000000000
0.0150150150	0.9234931855	0.3836148281	0.0000000000
0.0160160160	0.9253519772	0.3791091113	0.0000000000
0.0170170170	0.9273048909	0.3743068785	0.0000000000
0.0180180180	0.9293471040	0.3692072052	0.0000000000
0.0190190190	0.9314735071	0.3638091611	0.0000000000
0.0200200200	0.9336787057	0.3581118185	0.0000000000
0.0210210210	0.9359570219	0.3521142617	0.0000000000
0.0220220220	0.9383024958	0.3458155959	0.0000000000
0.0230230230	0.9407088883	0.3392149577	0.0000000000
0.0240240240	0.9431696828	0.3323115247	0.0000000000
0.0250250250	0.9456780885	0.3251045261	0.0000000000
0.0260260260	0.9482270430	0.3175932539	0.0000000000
0.0270270270	0.9508092156	0.3097770739	0.0000000000
0.0280280280	0.9534170112	0.3016554371	0.0000000000
0.0290290290	0.9560425741	0.2932278917	0.0000000000
0.0300300300	0.9586777926	0.2844940948	0.0000000000
0.0310310310	0.9613143036	0.2754538249	0.0000000000
0.0320320320	0.9639434981	0.2661069944	0.0000000000
0.0330330330	0.9665565267	0.2564536621	0.0000000000
0.0340340340	0.9691443058	0.2464940457	0.0000000000
0.0350350350	0.9716975245	0.2362285353	0.0000000000
0.0360360360	0.9742066515	0.2256577060	0.0000000000
0.0370370370	0.9766619427	0.2147823308	0.0000000000
0.0380380380	0.9790534499	0.2036033943	0.0000000000
0.0390390390	0.9813710291	0.1921221050	0.0000000000
0.0400400400	0.9836043500	0.1803399088	0.0000000000
0.0410410410	0.9857429059	0.1682585018	0.0000000000
0.0420420420	0.9877760245	0.1558798431	0.0000000000
0.0430430430	0.9896928785	0.1432061674	0.0000000000
0.0440440440	0.9914824976	0.1302399978	0.0000000000
0.0450450450	0.9931337810	0.1169841575	0.0000000000
0.0460460460	0.9946355100	0.1034417821	0.0000000000
0.0470470470	0.9959763618	0.0896163314	0.0000000000
0.0480480480	0.9971449234	0.0755116001	0.0000000000
0.0490490490	0.9981297069	0.0611317293	0.0000000000
0.0500500501	0.9989191642	0.0464812164	0.0000000000
0.0510510511	0.9995017036	0.0315649255	0.0000000000
0.0520520521	0.9998657062	0.0163880962	0.0000000000
0.0530530531	0.9999995427	0.0009563533	0.0000000000
0.0540540541	0.9998915919	-0.0147242861	0.0000000000
0.0550550551	0.9995302580	-0.0306474040	0.0000000000
0.0560560561	0.9989039904	-0.0468061754	0.0000000000
0.0570570571	0.9980013021	-0.0631933620	0.0000000000
0.0580580581	0.9968107902	-0.0798013068	0.0000000000
0.0590590591	0.9953211556	-0.0966219300	0.0000000000
0.0600600601	0.9935212237	-0.1136467248	0.0000000000
0.0610610611	0.9913999659	-0.1308667553	0.0000000000
0.0620620621	0.9889465203	-0.1482726547	0.0000000000
0.0630630631	0.9861502135	-0.1658546243	0.0000000000
0.0640640641	0.9830005831	-0.1836024338	0.0000000000
0.0650650651	0.9794873989	-0.2015054229	0.0000000000
0.0660660661	0.9756006859	-0.2195525033	0.0000000000
0.0670670671	0.9713307464	-0.2377321625	0.0000000000
0.0680680681	0.9666681826	-0.2560324683	0.0000000000
0.0690690691	0.9616039188	-0.2744410744	0.0000000000
0.0700700701	0.9561292244	-0.2929452276	0.0000000000
0.0710710711	0.9502357355	-0.3115317754	0.0000000000
0.0720720721	0.9439154777	-0.3301871759	0.0000000000
0.0730730731	0.9371608876	-0.3488975077	0.0000000000
0.0740740741	0.9299648346	-0.3676484821	0.0000000000
0.0750750751	0.9223206424	-0.3864254555	0.0000000000
0.0760760761	0.9142221094	-0.4052134434	0.0000000000
0.0770770771	0.9056635294	-0.4239971364	0.0000000000
0.0780780781	0.8966397112	-0.4427609156	0.0000000000
0.0790790791	0.8871459982	-0.4614888710	0.0000000000
0.0800800801	0.8771782862	-0.4801648199	0.0000000000
0.0810810811	0.8667330421	-0.4987723267	0.0000000000
0.0820820821	0.8558073198	-0.5172947240	0.0000000000
0.0830830831	0.8443987770	-0.5357151346	0.0000000000
0.0840840841	0.8325056901	-0.5540164944	0.0000000000
0.0850850851	0.8201269679	-0.5721815766	0.0000000000
0.0860860861	0.8072621652	-0.5901930165	0.0000000000
0.0870870871	0.7939114942	-0.6080333374	0.0000000000
0.0880880881	0.7800758355	-0.6256849774	0.0000000000
0.0890890891	0.7657567472	-0.6431303167	0.0000000000
0.0900900901	0.7509564733	-0.6603517058	0.0000000000
0.0910910911	0.7356779503	-0.6773314946	0.0000000000
0.0920920921	0.7199248129	-0.6940520614	0.0000000000
0.0930930931	0.7037013975	-0.7104958432	0.0000000000
0.0940940941	0.6870127450	-0.7266453662	0.0000000000
0.0950950951	0.6698646019	-0.7424832760	0.0000000000
0.0960960961	0.6522634193	-0.7579923693	0.0000000000
0.0970970971	0.6342163513	-0.7731556246	0.0000000000
0.0980980981	0.6157312508	-0.7879562341	0.0000000000
0.0990990991	0.5968166646	-0.8023776349	0.0000000000
0.1001001001	0.5774818265	-0.8164035400	0.0000000000
0.1011011011	0.5577366486	-0.8300179702	0.0000000000
0.1021021021	0.5375917111	-0.8432052847	0.0000000000
0.1031031031	0.5170582509	-0.8559502119	0.0000000000
0.1041041041	0.4961481481	-0.8682378794	0.0000000000
0.1051051051	0.4748739109	-0.8800538443	0.0000000000
0.1061061061	0.4532486595	-0.8913841218	0.0000000000
0.1071071071	0.4312861079	-0.9022152145	0.0000000000
0.1081081081	0.4090005442	-0.9125341390	0.0000000000
0.1091091091	0.3864068100	-0.9223284541	0.0000000000
0.1101101101	0.3635202779	-0.9315862857	0.0000000000
0.1111111111	0.3403568273	-0.9402963523	0.0000000000
0.1121121121	0.3169328199	-0.9484479889	0.0000000000
0.1131131131	0.2932650731	-0.9560311694	0.0000000000
0.1141141141	0.2693708322	-0.9630365283	0.0000000000
0.1151151151	0.2452677422	-0.9694553804	0.0000000000
0.1161161161	0.2209738174	-0.9752797404	0.0000000000
0.1171171171	0.1965074113	-0.9805023393	0.0000000000
0.1181181181	0.1718871842	-0.9851166408	0.0000000000
0.1191191191	0.1471320713	-0.9891168554	0.0000000000
0.1201201201	0.1222612494	-0.9924979531	0.0000000000
0.1211211211	0.0972941026	-0.9952556745	0.0000000000
0.1221221221	0.0722501880	-0.9973865401	0.0000000000
0.1231231231	0.0471492009	-0.9988878580	0.0000000000
0.1241241241	0.0220109395	-0.9997577299	0.0000000000
0.1251251251	-0.0031447310	-0.9999950553	0.0000000000
0.1261261261	-0.0282979139	-0.9995995339	0.0000000000
0.1271271271	-0.0534287170	-0.9985716660	0.0000000000
0.1281281281	-0.0785172886	-0.9969127521	0.0000000000
0.1291291291	-0.1035438530	-0.9946248894	0.0000000000
0.1301301301	-0.1284887459	-0.9917109671	0.0000000000
0.1311311311	-0.1533324503	-0.9881746605	0.0000000000
0.1321321321	-0.1780556306	-0.9840204228	0.0000000000
0.1331331331	-0.2026391675	-0.9792534747	0.0000000000
0.1341341341	-0.2270641913	-0.9738797939	0.0000000000
0.1351351351	-0.2513121153	-0.9679061012	0.0000000000
0.1361361361	-0.2753646679	-0.9613398461	0.0000000000
0.1371371371	-0.2992039244	-0.9541891907	0.0000000000
0.1381381381	-0.3228123369	-0.9464629920	0.0000000000
0.1391391391	-0.3461727643	-0.9381707826	0.0000000000
0.1401401401	-0.3692685008	-0.9293227503	0.0000000000
0.1411411411	-0.3920833028	-0.9199297167	0.0000000000
0.1421421421	-0.4146014152	-0.9100031135	0.0000000000
0.1431431431	-0.4368075960	-0.8995549589	0.0000000000
0.1441441441	-0.4586871400	-0.8885978323	0.0000000000
0.1451451451	-0.4802259007	-0.8771448480	0.0000000000
0.1461461461	-0.5014103107	-0.8652096280	0.0000000000
0.1471471471	-0.5222274012	-0.8528062743	0.0000000000
0.1481481481	-0.5426648196	-0.8399493399	0.0000000000
0.1491491491	-0.5627108452	-0.8266537998	0.0000000000
0.1501501502	-0.5823544042	-0.8129350207	0.0000000000
0.1511511512	-0.6015850822	-0.7988087311	0.0000000000
0.1521521522	-0.6203931359	-0.7842909900	0.0000000000
0.1531531532	-0.6387695025	-0.7693981561	0.0000000000
0.1541541542	-0.6567058082	-0.7541468567	0.0000000000
0.1551551552	-0.6741943742	-0.7385539559	0.0000000000
0.1561561562	-0.6912282220	-0.7226365235	0.0000000000
0.1571571572	-0.7078010763	-0.7064118037	0.0000000000
0.1581581582	-0.7239073672	-0.6898971834	0.0000000000
0.1591591592	-0.7395422301	-0.6731101618	0.0000000000
0.1601601602	-0.7547015042	-0.6560683193	0.0000000000
0.1611611612	-0.7693817299	-0.6387892874	0.0000000000
0.1621621622	-0.7835801442	-0.6212907190	0.0000000000
0.1631631632	-0.7972946755	-0.6035902587	0.0000000000
0.1641641642	-0.8105239357	-0.5857055145	0.0000000000
0.1651651652	-0.8232672122	-0.5676540295	0.0000000000
0.1661661662	-0.8355244584	-0.5494532549	0.0000000000
0.1671671672	-0.8472962821	-0.5311205233	0.0000000000
0.1681681682	-0.8585839337	-0.5126730232	0.0000000000
0.1691691692	-0.8693892931	-0.4941277741	0.0000000000
0.1701701702	-0.8797148547	-0.4755016029	0.0000000000
0.1711711712	-0.8895637131	-0.4568111211	0.0000000000
0.1721721722	-0.8989395458	-0.4380727029	0.0000000000
0.1731731732	-0.9078465967	-0.4193024647	0.0000000000
0.1741741742	-0.9162896578	-0.4005162456	0.0000000000
0.1751751752	-0.9242740510	-0.3817295884	0.0000000000
0.1761761762	-0.9318056081	-0.3629577231	0.0000000000
0.1771771772	-0.9388906513	-0.3442155501	0.0000000000
0.1781781782	-0.9455359725	-0.3255176257	0.0000000000
0.1791791792	-0.9517488126	-0.3068781479	0.0000000000
0.1801801802	-0.9575368397	-0.2883109442	0.0000000000
0.1811811812	-0.9629081277	-0.2698294603	0.0000000000
0.1821821822	-0.9678711341	-0.2514467494	0.0000000000
0.1831831832	-0.9724346780	-0.2331754638	0.0000000000
0.1841841842	-0.9766079178	-0.2150278470	0.0000000000
0.1851851852	-0.9804003282	-0.1970157266	0.0000000000
0.1861861862	-0.9838216784	-0.1791505095	0.0000000000
0.1871871872	-0.9868820094	-0.1614431774	0.0000000000
0.1881881882	-0.9895916114	-0.1439042831	0.0000000000
0.1891891892	-0.9919610017	-0.1265439492	0.0000000000
0.1901901902	-0.9940009029	-0.1093718662	0.0000000000
0.1911911912	-0.9957222204	-0.0923972934	0.0000000000
0.1921921922	-0.9971360215	-0.0756290591	0.0000000000
0.1931931932	-0.9982535138	-0.0590755629	0.0000000000
0.1941941942	-0.9990860243	-0.0427447787	0.0000000000
0.1951951952	-0.9996449787	-0.0266442583	0.0000000000
0.1961961962	-0.9999418819	-0.0107811362	0.0000000000
0.1971971972	-0.9999882975	0.0048378649	0.0000000000
0.1981981982	-0.9997958293	0.0202064281	0.0000000000
0.1991991992	-0.9993761024	0.0353186349	0.0000000000
0.2002002002	-0.9987407450	0.0501689577	0.0000000000
0.2012012012	-0.9979013708	0.0647522516	0.0000000000
0.2022022022	-0.9968695623	0.0790637451	0.0000000000
0.2032032032	-0.9956568538	0.0930990307	0.0000000000
0.2042042042	-0.9942747160	0.1068540551	0.0000000000
0.2052052052	-0.9927345407	0.1203251081	0.0000000000
0.2062062062	-0.9910476260	0.1335088124	0.0000000000
0.2072072072	-0.9892251624	0.1464021112	0.0000000000
0.2082082082	-0.9872782192	0.1590022577	0.0000000000
0.2092092092	-0.9852177321	0.1713068021	0.0000000000
0.2102102102	-0.9830544906	0.1833135796	0.0000000000
0.2112112112	-0.9807991269	0.1950206980	0.0000000000
0.2122122122	-0.9784621044	0.2064265252	0.0000000000
0.2132132132	-0.9760537076	0.2175296757	0.0000000000
0.2142142142	-0.9735840326	0.2283289982	0.0000000000
0.2152152152	-0.9710629774	0.2388235623	0.0000000000
0.2162162162	-0.9685002335	0.2490126457	0.0000000000
0.2172172172	-0.9659052779	0.2588957207	0.0000000000
0.2182182182	-0.9632873653	0.2684724415	0.0000000000
0.2192192192	-0.9606555214	0.2777426314	0.0000000000
0.2202202202	-0.9580185359	0.2867062694	0.0000000000
0.2212212212	-0.9553849570	0.2953634777	0.0000000000
0.2222222222	-0.9527630854	0.3037145094	0.0000000000
0.2232232232	-0.9501609691	0.3117597356	0.0000000000
0.2242242242	-0.9475863993	0.3194996337	0.0000000000
0.2252252252	-0.9450469052	0.3269347749	0.0000000000
0.2262262262	-0.9425497507	0.3340658131	0.0000000000
0.2272272272	-0.9401019307	0.3408934730	0.0000000000
0.2282282282	-0.9377101677	0.3474185392	0.0000000000
0.2292292292	-0.9353809092	0.3536418453	0.0000000000
0.2302302302	-0.9331203246	0.3595642637	0.0000000000
0.2312312312	-0.9309343036	0.3651866952	0.0000000000
0.2322322322	-0.9288284534	0.3705100594	0.0000000000
0.2332332332	-0.9268080974	0.3755352854	0.0000000000
0.2342342342	-0.9248782733	0.3802633030	0.0000000000
0.2352352352	-0.9230437319	0.3846950338	0.0000000000
0.2362362362	-0.9213089358	0.3888313836	0.0000000000
0.2372372372	-0.9196780582	0.3926732347	0.0000000000
0.2382382382	-0.9181549825	0.3962214383	0.0000000000
0.2392392392	-0.9167433008	0.3994768083	0.0000000000
0.2402402402	-0.9154463140	0.4024401150	0.0000000000
0.2412412412	-0.9142670308	0.4051120789	0.0000000000
0.2422422422	-0.9132081672	0.4074933661	0.0000000000
0.2432432432	-0.9122721466	0.4095845829	0.0000000000
0.2442442442	-0.9114619899	0.4113866726	0.0000000000
0.2452452452	-0.9107774896	0.4128991933	0.0000000000
0.2462462462	-0.9102213880	0.4141230848	0.0000000000
0.2472472472	-0.9097949342	0.4150586791	0.0000000000
0.2482482482	-0.9094990835	0.4157062316	0.0000000000
0.2492492492	-0.9093344975	0.4160659204	0.0000000000
0.2502502503	-0.9093015437	0.4161378448	0.0000000000
0.2512512513	-0.9094002954	0.4159220247	0.0000000000
0.2522522523	-0.9096305323	0.4154184006	0.0000000000
0.2532532533	-0.9099917399	0.4146268338	0.0000000000
0.2542542543	-0.9104831095	0.4135471074	0.0000000000
0.2552552553	-0.9111035390	0.4121789279	0.0000000000
0.2562562563	-0.9118516320	0.4105219269	0.0000000000
0.2572572573	-0.9127246615	0.4085751978	0.0000000000
0.2582582583	-0.9137223882	0.4063390177	0.0000000000
0.2592592593	-0.9148417828	0.4038124718	0.0000000000
0.2602602603	-0.9160802757	0.4009949233	0.0000000000
0.2612612613	-0.9174350043	0.3978856783	0.0000000000
0.2622622623	-0.9189028138	0.3944839906	0.0000000000
0.2632632633	-0.9204802577	0.3907890675	0.0000000000
0.2642642643	-0.9221635981	0.3868000755	0.0000000000
0.2652652653	-0.9239488066	0.3825161471	0.0000000000
0.2662662663	-0.9258315652	0.3779363874	0.0000000000
0.2672672673	-0.9278072671	0.3730598815	0.0000000000
0.2682682683	-0.9298710178	0.3678857028	0.0000000000
0.2692692693	-0.9320176366	0.3624129207	0.0000000000
0.2702702703	-0.9342416580	0.3566406098	0.0000000000
0.2712712713	-0.9365373333	0.3505678585	0.0000000000
0.2722722723	-0.9388986326	0.3441937792	0.0000000000
0.2732732733	-0.9413192473	0.3375175176	0.0000000000
0.2742742743	-0.9437925920	0.3305382631	0.0000000000
0.2752752753	-0.9463118075	0.3232552598	0.0000000000
0.2762762763	-0.9488697642	0.3156678170	0.0000000000
0.2772772773	-0.9514590648	0.3077753207	0.0000000000
0.2782782783	-0.9540720488	0.2995772450	0.0000000000
0.2792792793	-0.9567007960	0.2910731643	0.0000000000
0.2802802803	-0.9593371313	0.2822627649	0.0000000000
0.2812812813	-0.9619726298	0.2731458577	0.0000000000
0.2822822823	-0.9645986217	0.2637223902	0.0000000000
0.2832832833	-0.9672061984	0.2539924599	0.0000000000
0.2842842843	-0.9697862191	0.2439563265	0.0000000000
0.2852852853	-0.9723293169	0.2336144249	0.0000000000
0.2862862863	-0.9748259066	0.2229673786	0.0000000000
0.2872872873	-0.9772661923	0.2120160123	0.0000000000
0.2882882883	-0.9796401759	0.2007613653	0.0000000000
0.2892892893	-0.9819376660	0.1892047041	0.0000000000
0.2902902903	-0.9841482873	0.1773475362	0.0000000000
0.2912912913	-0.9862614907	0.1651916220	0.0000000000
0.2922922923	-0.9882665639	0.1527389885	0.0000000000
0.2932932933	-0.9901526430	0.1399919413	0.0000000000
0.2942942943	-0.9919087237	0.1269530773	0.0000000000
0.2952952953	-0.9935236746	0.1136252968	0.0000000000
0.2962962963	-0.9949862496	0.1000118154	0.0000000000
0.2972972973	-0.9962851019	0.0861161754	0.0000000000
0.2982982983	-0.9974087987	0.0719422573	0.0000000000
0.2992992993	-0.9983458352	0.0574942901	0.0000000000
0.3003003003	-0.9990846511	0.0427768622	0.0000000000
0.3013013013	-0.9996136463	0.0277949306	0.0000000000
0.3023023023	-0.9999211976	0.0125538304	0.0000000000
0.3033033033	-0.9999956761	-0.0029407163	0.0000000000
0.3043043043	-0.9998254651	-0.0186825927	0.0000000000
0.3053053053	-0.9993989786	-0.0346652799	0.0000000000
0.3063063063	-0.9987046797	-0.0508818500	0.0000000000
0.3073073073	-0.9977311009	-0.0673249604	0.0000000000
0.3083083083	-0.9964668631	-0.0839868490	0.0000000000
0.3093093093	-0.9949006964	-0.1008593292	0.0000000000
0.3103103103	-0.9930214609	-0.1179337875	0.0000000000
0.3113113113	-0.9908181674	-0.1352011803	0.0000000000
0.3123123123	-0.9882799992	-0.1526520328	0.0000000000
0.3133133133	-0.9853963338	-0.1702764382	0.0000000000
0.3143143143	-0.9821567644	-0.1880640588	0.0000000000
0.3153153153	-0.9785511227	-0.2060041269	0.0000000000
0.3163163163	-0.9745695009	-0.2240854478	0.0000000000
0.3173173173	-0.9702022742	-0.2422964036	0.0000000000
0.3183183183	-0.9654401231	-0.2606249580	0.0000000000
0.3193193193	-0.9602740562	-0.2790586622	0.0000000000
0.3203203203	-0.9546954324	-0.2975846624	0.0000000000
0.3213213213	-0.9486959832	-0.3161897079	0.0000000000
0.3223223223	-0.9422678349	-0.3348601609	0.0000000000
0.3233233233	-0.9354035302	-0.3535820071	0.0000000000
0.3243243243	-0.9280960501	-0.3723408676	0.0000000000
0.3253253253	-0.9203388351	-0.3911220124	0.0000000000
0.3263263263	-0.9121258055	-0.4099103742	0.0000000000
0.3273273273	-0.9034513821	-0.4286905647	0.0000000000
0.3283283283	-0.8943105055	-0.4474468905	0.0000000000
0.3293293293	-0.8846986554	-0.4661633716	0.0000000000
0.3303303303	-0.8746118691	-0.4848237603	0.0000000000
0.3313313313	-0.8640467582	-0.5034115608	0.0000000000
0.3323323323	-0.8530005265	-0.5219100514	0.0000000000
0.3333333333	-0.8414709848	-0.5403023059	0.0000000000
0.3343343343	-0.8294565663	-0.5585712171	0.0000000000
0.3353353353	-0.8169563403	-0.5766995215	0.0000000000
0.3363363363	-0.8039700247	-0.5946698239	0.0000000000
0.3373373373	-0.7904979979	-0.6124646237	0.0000000000
0.3383383383	-0.7765413090	-0.6300663420	0.0000000000
0.3393393393	-0.7621016870	-0.6474573489	0.0000000000
0.3403403403	-0.7471815483	-0.6646199920	0.0000000000
0.3413413413	-0.7317840037	-0.6815366256	0.0000000000
0.3423423423	-0.7159128627	-0.6981896397	0.0000000000
0.3433433433	-0.6995726379	-0.7145614909	0.0000000000
0.3443443443	-0.6827685465	-0.7306347322	0.0000000000
0.3453453453	-0.6655065112	-0.7463920441	0.0000000000
0.3463463463	-0.6477931592	-0.7618162658	0.0000000000
0.3473473473	-0.6296358196	-0.7768904264	0.0000000000
0.3483483483	-0.6110425195	-0.7915977763	0.0000000000
0.3493493493	-0.5920219780	-0.8059218185	0.0000000000
0.3503503504	-0.5725835994	-0.8198463403	0.0000000000
0.3513513514	-0.5527374638	-0.8333554440	0.0000000000
0.3523523524	-0.5324943169	-0.8464335783	0.0000000000
0.3533533534	-0.5118655575	-0.8590655686	0.0000000000
0.3543543544	-0.4908632242	-0.8712366470	0.0000000000
0.3553553554	-0.4694999799	-0.8829324826	0.0000000000
0.3563563564	-0.4477890950	-0.8941392097	0.0000000000
0.3573573574	-0.4257444289	-0.9048434568	0.0000000000
0.3583583584	-0.4033804101	-0.9150323736	0.0000000000
0.3593593594	-0.3807120150	-0.9246936583	0.0000000000
0.3603603604	-0.3577547452	-0.9338155826	0.0000000000
0.3613613614	-0.3345246033	-0.9423870170	0.0000000000
0.3623623624	-0.3110380672	-0.9503974541	0.0000000000
0.3633633634	-0.2873120640	-0.9578370310	0.0000000000
0.3643643644	-0.2633639417	-0.9646965503	0.0000000000
0.3653653654	-0.2392114404	-0.9709675004	0.0000000000
0.3663663664	-0.2148726621	-0.9766420732	0.0000000000
0.3673673674	-0.1903660400	-0.9817131815	0.0000000000
0.3683683684	-0.1657103063	-0.9861744746	0.0000000000
0.3693693694	-0.1409244597	-0.9900203516	0.0000000000
0.3703703704	-0.1160277319	-0.9932459743	0.0000000000
0.3713713714	-0.0910395536	-0.9958472773	0.0000000000
0.3723723724	-0.0659795199	-0.9978209774	0.0000000000
0.3733733734	-0.0408673549	-0.9991645807	0.0000000000
0.3743743744	-0.0157228770	-0.9998763879	0.0000000000
0.3753753754	0.0094340373	-0.9999554985	0.0000000000
0.3763763764	0.0345834892	-0.9994018122	0.0000000000
0.3773773774	0.0597055932	-0.9982160298	0.0000000000
0.3783783784	0.0847805132	-0.9963996510	0.0000000000
0.3793793794	0.1097884981	-0.9939549717	0.0000000000
0.3803803804	0.1347099171	-0.9908850782	0.0000000000
0.3813813814	0.1595252953	-0.9871938412	0.0000000000
0.3823823824	0.1842153480	-0.9828859067	0.0000000000
0.3833833834	0.2087610152	-0.9779666858	0.0000000000
0.3843843844	0.2331434948	-0.9724423432	0.0000000000
0.3853853854	0.2573442759	-0.9663197834	0.0000000000
0.3863863864	0.2813451707	-0.9596066355	0.0000000000
0.3873873874	0.3051283459	-0.9523112372	0.0000000000
0.3883883884	0.3286763525	-0.9444426162	0.0000000000
0.3893893894	0.3519721558	-0.9360104709	0.0000000000
0.3903903904	0.3749991629	-0.9270251495	0.0000000000
0.3913913914	0.3977412499	-0.9174976284	0.0000000000
0.3923923924	0.4201827878	-0.9074394883	0.0000000000
0.3933933934	0.4423086665	-0.8968628901	0.0000000000
0.3943943944	0.4641043187	-0.8857805493	0.0000000000
0.3953953954	0.4855557405	-0.8742057097	0.0000000000
0.3963963964	0.5066495127	-0.8621521161	0.0000000000
0.3973973974	0.5273728188	-0.8496339859	0.0000000000
0.3983983984	0.5477134628	-0.8366659804	0.0000000000
0.3993993994	0.5676598844	-0.8232631753	0.0000000000
0.4004004004	0.5872011734	-0.8094410306	0.0000000000
0.4014014014	0.6063270824	-0.7952153603	0.0000000000
0.4024024024	0.6250280371	-0.7806023013	0.0000000000
0.4034034034	0.6432951466	-0.7656182825	0.0000000000
0.4044044044	0.6611202099	-0.7502799931	0.0000000000
0.4054054054	0.6784957232	-0.7346043518	0.0000000000
0.4064064064	0.6954148833	-0.7186084748	0.0000000000
0.4074074074	0.7118715914	-0.7023096449	0.0000000000
0.4084084084	0.7278604539	-0.6857252801	0.0000000000
0.4094094094	0.7433767822	-0.6688729025	0.0000000000
0.4104104104	0.7584165912	-0.6517701084	0.0000000000
0.4114114114	0.7729765960	-0.6344345373	0.0000000000
0.4124124124	0.7870542070	-0.6168838427	0.0000000000
0.4134134134	0.8006475240	-0.5991356627	0.0000000000
0.4144144144	0.8137553289	-0.5812075918	0.0000000000
0.4154154154	0.8263770765	-0.5631171525	0.0000000000
0.4164164164	0.8385128848	-0.5448817690	0.0000000000
0.4174174174	0.8501635234	-0.5265187400	0.0000000000
0.4184184184	0.8613304014	-0.5080452142	0.0000000000
0.4194194194	0.8720155538	-0.4894781650	0.0000000000
0.4204204204	0.8822216265	-0.4708343677	0.0000000000
0.4214214214	0.8919518612	-0.4521303765	0.0000000000
0.4224224224	0.9012100789	-0.4333825029	0.0000000000
0.4234234234	0.9100006620	-0.4146067959	0.0000000000
0.4244244244	0.9183285370	-0.3958190220	0.0000000000
0.4254254254	0.9261991549	-0.3770346476	0.0000000000
0.4264264264	0.9336184721	-0.3582688217	0.0000000000
0.4274274274	0.9405929302	-0.3395363599	0.0000000000
0.4284284284	0.9471294353	-0.3208517303	0.0000000000
0.4294294294	0.9532353370	-0.3022290395	0.0000000000
0.4304304304	0.9589184071	-0.2836820204	0.0000000000
0.4314314314	0.9641868172	-0.2652240215	0.0000000000
0.4324324324	0.9690491176	-0.2468679966	0.0000000000
0.4334334334	0.9735142142	-0.2286264965	0.0000000000
0.4344344344	0.9775913464	-0.2105116613	0.0000000000
0.4354354354	0.9812900649	-0.1925352139	0.0000000000
0.4364364364	0.9846202089	-0.1747084553	0.0000000000
0.4374374374	0.9875918836	-0.1570422600	0.0000000000
0.4384384384	0.9902154383	-0.1395470737	0.0000000000
0.4394394394	0.9925014436	-0.1222329109	0.0000000000
0.4404404404	0.9944606698	-0.1051093543	0.0000000000
0.4414414414	0.9961040648	-0.0881855552	0.0000000000
0.4424424424	0.9974427330	-0.0714702346	0.0000000000
0.4434434434	0.9984879137	-0.0549716855	0.0000000000
0.4444444444	0.9992509606	-0.0386977756	0.0000000000
0.4454454454	0.9997433210	-0.0226559521	0.0000000000
0.4464464464	0.9999765163	-0.0068532460	0.0000000000
0.4474474474	0.9999621219	0.0087037222	0.0000000000
0.4484484484	0.9997117488	0.0240087357	0.0000000000
0.4494494494	0.9992370244	0.0390559746	0.0000000000
0.4504504505	0.9985495749	0.0538400078	0.0000000000
0.4514514515	0.9976610079	0.0683557846	0.0000000000
0.4524524525	0.9965828953	0.0825986253	0.0000000000
0.4534534535	0.9953267569	0.0965642120	0.0000000000
0.4544544545	0.9939040452	0.1102485782	0.0000000000
0.4554554555	0.9923261298	0.1236480979	0.0000000000
0.4564564565	0.9906042833	0.1367594751	0.0000000000
0.4574574575	0.9887496670	0.1495797316	0.0000000000
0.4584584585	0.9867733181	0.1621061958	0.0000000000
0.4594594595	0.9846861369	0.1743364905	0.0000000000
0.4604604605	0.9824988745	0.1862685203	0.0000000000
0.4614614615	0.9802221219	0.1979004591	0.0000000000
0.4624624625	0.9778662989	0.2092307376	0.0000000000
0.4634634635	0.9754416436	0.2202580302	0.0000000000
0.4644644645	0.9729582036	0.2309812420	0.0000000000
0.4654654655	0.9704258258	0.2413994958	0.0000000000
0.4664664665	0.9678541491	0.2515121192	0.0000000000
0.4674674675	0.9652525954	0.2613186313	0.0000000000
0.4684684685	0.9626303630	0.2708187297	0.0000000000
0.4694694695	0.9599964189	0.2800122777	0.0000000000
0.4704704705	0.9573594933	0.2888992915	0.0000000000
0.4714714715	0.9547280728	0.2974799271	0.0000000000
0.4724724725	0.9521103955	0.3057544683	0.0000000000
0.4734734735	0.9495144456	0.3137233138	0.0000000000
0.4744744745	0.9469479491	0.3213869657	0.0000000000
0.4754754755	0.9444183694	0.3287460169	0.0000000000
0.4764764765	0.9419329033	0.3358011401	0.0000000000
0.4774774775	0.9394984780	0.3425530759	0.0000000000
0.4784784785	0.9371217475	0.3490026222	0.0000000000
0.4794794795	0.9348090900	0.3551506234	0.0000000000
0.4804804805	0.9325666052	0.3609979597	0.0000000000
0.4814814815	0.9304001122	0.3665455376	0.0000000000
0.4824824825	0.9283151477	0.3717942800	0.0000000000
0.4834834835	0.9263169635	0.3767451169	0.0000000000
0.4844844845	0.9244105260	0.3813989768	0.0000000000
0.4854854855	0.9226005138	0.3857567783	0.0000000000
0.4864864865	0.9208913174	0.3898194218	0.0000000000
0.4874874875	0.9192870376	0.3935877825	0.0000000000
0.4884884885	0.9177914849	0.3970627031	0.0000000000
0.4894894895	0.9164081790	0.4002449869	0.0000000000
0.4904904905	0.9151403474	0.4031353923	0.0000000000
0.4914914915	0.9139909259	0.4057346269	0.0000000000
0.4924924925	0.9129625573	0.4080433420	0.0000000000
0.4934934935	0.9120575917	0.4100621287	0.0000000000
0.4944944945	0.9112789064	0.4117918828	0.0000000000
0.4954954955	0.9106263726	0.4132322111	0.0000000000
0.4964964965	0.9101025774	0.4143840002	0.0000000000
0.4974974975	0.9097086964	0.4152475630	0.0000000000
0.4984984985	0.9094456114	0.4158231359	0.0000000000
0.4994994995	0.9093139106	0.4161108774	0.0000000000
0.5005005005	0.9093139106	0.4161108774	0.0000000000
0.5015015015	0.9094455431	0.4158231043	0.0000000000
0.5025025025	0.9097085824	0.4152475106	0.0000000000
0.5035035035	0.9101024178	0.4143839271	0.0000000000
0.5045045045	0.9106261674	0.4132321179	0.0000000000
0.5055055055	0.9112786551	0.4117917704	0.0000000000
0.5065065065	0.9120584116	0.4100624979	0.0000000000
0.5075075075	0.9129625573	0.4080433420	0.0000000000
0.5085085085	0.9139909259	0.4057346269	0.0000000000
0.5095095095	0.9151403474	0.4031353923	0.0000000000
0.5105105105	0.9164081790	0.4002449869	0.0000000000
0.5115115115	0.9177914849	0.3970627031	0.0000000000
0.5125125125	0.9192870376	0.3935877825	0.0000000000
0.5135135135	0.9208913174	0.3898194218	0.0000000000
0.5145145145	0.9226005138	0.3857567783	0.0000000000
0.5155155155	0.9244105260	0.3813989768	0.0000000000
0.5165165165	0.9263169635	0.3767451169	0.0000000000
0.5175175175	0.9283151477	0.3717942800	0.0000000000
0.5185185185	0.9304001122	0.3665455376	0.0000000000
0.5195195195	0.9325666052	0.3609979597	0.0000000000
0.5205205205	0.9348090900	0.3551506234	0.0000000000
0.5215215215	0.9371217475	0.3490026222	0.0000000000
0.5225225225	0.9394984780	0.3425530759	0.0000000000
0.5235235235	0.9419329033	0.3358011401	0.0000000000
0.5245245245	0.9444183694	0.3287460169	0.0000000000
0.5255255255	0.9469479491	0.3213869657	0.0000000000
0.5265265265	0.9495144456	0.3137233138	0.0000000000
0.5275275275	0.9521103955	0.3057544683	0.0000000000
0.5285285285	0.9547280728	0.2974799271	0.0000000000
0.5295295295	0.9573594933	0.2888992915	0.0000000000
0.5305305305	0.9599964189	0.2800122777	0.0000000000
0.5315315315	0.9626303630	0.2708187297	0.0000000000
0.5325325325	0.9652525954	0.2613186313	0.0000000000
0.5335335335	0.9678541491	0.2515121192	0.0000000000
0.5345345345	0.9704258258	0.2413994958	0.0000000000
0.5355355355	0.9729582036	0.2309812420	0.0000000000
0.5365365365	0.9754416436	0.2202580302	0.0000000000
0.5375375375	0.9778662989	0.2092307376	0.0000000000
0.5385385385	0.9802221219	0.1979004591	0.0000000000
0.5395395395	0.9824988745	0.1862685203	0.0000000000
0.5405405405	0.9846861369	0.1743364905	0.0000000000
0.5415415415	0.9867733181	0.1621061958	0.0000000000
0.5425425425	0.9887496670	0.1495797316	0.0000000000
0.5435435435	0.9906042833	0.1367594751	0.0000000000
0.5445445445	0.9923261298	0.1236480979	0.0000000000
0.5455455455	0.9939040452	0.1102485782	0.0000000000
0.5465465465	0.9953267569	0.0965642120	0.0000000000
0.5475475475	0.9965828953	0.0825986253	0.0000000000
0.5485485485	0.9976610079	0.0683557846	0.0000000000
0.5495495495	0.9985495749	0.0538400078	0.0000000000
0.5505505506	0.9992370244	0.0390559746	0.0000000000
0.5515515516	0.9997117488	0.0240087357	0.0000000000
0.5525525526	0.9999621219	0.0087037222	0.0000000000
0.5535535536	0.9999765163	-0.0068532460	0.0000000000
0.5545545546	0.9997433210	-0.0226559521	0.0000000000
0.5555555556	0.9992509606	-0.0386977756	0.0000000000
0.5565565566	0.9984879137	-0.0549716855	0.0000000000
0.5575575576	0.9974427330	-0.0714702347	0.0000000000
0.5585585586	0.9961040648	-0.0881855552	0.0000000000
0.5595595596	0.9944606698	-0.1051093543	0.0000000000
0.5605605606	0.9925014436	-0.1222329109	0.0000000000
0.5615615616	0.9902154383	-0.1395470737	0.0000000000
0.5625625626	0.9875918836	-0.1570422600	0.0000000000
0.5635635636	0.9846202089	-0.1747084553	0.0000000000
0.5645645646	0.9812900649	-0.1925352139	0.0000000000
0.5655655656	0.9775913464	-0.2105116613	0.0000000000
0.5665665666	0.9735142141	-0.2286264966	0.0000000000
0.5675675676	0.9690491176	-0.2468679966	0.0000000000
0.5685685686	0.9641868172	-0.2652240215	0.0000000000
0.5695695696	0.9589184070	-0.2836820204	0.0000000000
0.5705705706	0.9532353370	-0.3022290395	0.0000000000
0.5715715716	0.9471294353	-0.3208517303	0.0000000000
0.5725725726	0.9405929302	-0.3395363600	0.0000000000
0.5735735736	0.9336184721	-0.3582688217	0.0000000000
0.5745745746	0.9261991549	-0.3770346476	0.0000000000
0.5755755756	0.9183285370	-0.3958190220	0.0000000000
0.5765765766	0.9100006620	-0.4146067959	0.0000000000
0.5775775776	0.9012100789	-0.4333825029	0.0000000000
0.5785785786	0.8919518612	-0.4521303765	0.0000000000
0.5795795796	0.8822216265	-0.4708343678	0.0000000000
0.5805805806	0.8720155538	-0.4894781651	0.0000000000
0.5815815816	0.8613304014	-0.5080452142	0.0000000000
0.5825825826	0.8501635234	-0.5265187400	0.0000000000
0.5835835836	0.8385128847	-0.5448817690	0.0000000000
0.5845845846	0.8263770765	-0.5631171526	0.0000000000
0.5855855856	0.8137553289	-0.5812075918	0.0000000000
0.5865865866	0.8006475240	-0.5991356628	0.0000000000
0.5875875876	0.7870542069	-0.6168838427	0.0000000000
0.5885885886	0.7729765959	-0.6344345374	0.0000000000
0.5895895896	0.7584165912	-0.6517701085	0.0000000000
0.5905905906	0.7433767822	-0.6688729026	0.0000000000
0.5915915916	0.7278604539	-0.6857252801	0.0000000000
0.5925925926	0.7118715914	-0.7023096450	0.0000000000
0.5935935936	0.6954148833	-0.7186084749	0.0000000000
0.5945945946	0.6784957231	-0.7346043519	0.0000000000
0.5955955956	0.6611202099	-0.7502799932	0.0000000000
0.5965965966	0.6432951465	-0.7656182825	0.0000000000
0.5975975976	0.6250280371	-0.7806023014	0.0000000000
0.5985985986	0.6063270823	-0.7952153604	0.0000000000
0.5995995996	0.5872011733	-0.8094410306	0.0000000000
0.6006006006	0.5676598843	-0.8232631753	0.0000000000
0.6016016016	0.5477134627	-0.8366659804	0.0000000000
0.6026026026	0.5273728188	-0.8496339860	0.0000000000
0.6036036036	0.5066495126	-0.8621521162	0.0000000000
0.6046046046	0.4855557404	-0.8742057098	0.0000000000
0.6056056056	0.4641043186	-0.8857805493	0.0000000000
0.6066066066	0.4423086665	-0.8968628901	0.0000000000
0.6076076076	0.4201827877	-0.9074394883	0.0000000000
0.6086086086	0.3977412498	-0.9174976285	0.0000000000
0.6096096096	0.3749991628	-0.9270251496	0.0000000000
0.6106106106	0.3519721558	-0.9360104709	0.0000000000
0.6116116116	0.3286763525	-0.9444426162	0.0000000000
0.6126126126	0.3051283458	-0.9523112373	0.0000000000
0.6136136136	0.2813451706	-0.9596066356	0.0000000000
0.6146146146	0.2573442758	-0.9663197834	0.0000000000
0.6156156156	0.2331434947	-0.9724423432	0.0000000000
0.6166166166	0.2087610151	-0.9779666858	0.0000000000
0.6176176176	0.1842153479	-0.9828859067	0.0000000000
0.6186186186	0.1595252952	-0.9871938413	0.0000000000
0.6196196196	0.1347099170	-0.9908850782	0.0000000000
0.6206206206	0.1097884980	-0.9939549717	0.0000000000
0.6216216216	0.0847805131	-0.9963996511	0.0000000000
0.6226226226	0.0597055931	-0.9982160298	0.0000000000
0.6236236236	0.0345834891	-0.9994018122	0.0000000000
0.6246246246	0.0094340372	-0.9999554985	0.0000000000
0.6256256256	-0.0157228772	-0.9998763879	0.0000000000
0.6266266266	-0.0408673550	-0.9991645807	0.0000000000
0.6276276276	-0.0659795200	-0.9978209774	0.0000000000
0.6286286286	-0.0910395537	-0.9958472773	0.0000000000
0.6296296296	-0.1160277320	-0.9932459743	0.0000000000
0.6306306306	-0.1409244598	-0.9900203516	0.0000000000
0.6316316316	-0.1657103064	-0.9861744746	0.0000000000
0.6326326326	-0.1903660401	-0.9817131815	0.0000000000
0.6336336336	-0.2148726622	-0.9766420731	0.0000000000
0.6346346346	-0.2392114405	-0.9709675004	0.0000000000
0.6356356356	-0.2633639418	-0.9646965503	0.0000000000
0.6366366366	-0.2873120641	-0.9578370309	0.0000000000
0.6376376376	-0.3110380673	-0.9503974541	0.0000000000
0.6386386386	-0.3345246034	-0.9423870170	0.0000000000
0.6396396396	-0.3577547453	-0.9338155825	0.0000000000
0.6406406406	-0.3807120151	-0.9246936582	0.0000000000
0.6416416416	-0.4033804101	-0.9150323736	0.0000000000
0.6426426426	-0.4257444290	-0.9048434567	0.0000000000
0.6436436436	-0.4477890951	-0.8941392097	0.0000000000
0.6446446446	-0.4694999800	-0.8829324826	0.0000000000
0.6456456456	-0.4908632243	-0.8712366470	0.0000000000
0.6466466466	-0.5118655575	-0.8590655685	0.0000000000
0.6476476476	-0.5324943169	-0.8464335783	0.0000000000
0.6486486486	-0.5527374639	-0.8333554440	0.0000000000
0.6496496496	-0.5725835995	-0.8198463402	0.0000000000
0.6506506507	-0.5920219781	-0.8059218184	0.0000000000
0.6516516517	-0.6110425195	-0.7915977762	0.0000000000
0.6526526527	-0.6296358197	-0.7768904264	0.0000000000
0.6536536537	-0.6477931593	-0.7618162658	0.0000000000
0.6546546547	-0.6655065113	-0.7463920440	0.0000000000
0.6556556557	-0.6827685466	-0.7306347321	0.0000000000
0.6566566567	-0.6995726380	-0.7145614908	0.0000000000
0.6576576577	-0.7159128628	-0.6981896397	0.0000000000
0.6586586587	-0.7317840037	-0.6815366255	0.0000000000
0.6596596597	-0.7471815484	-0.6646199920	0.0000000000
0.6606606607	-0.7621016870	-0.6474573489	0.0000000000
0.6616616617	-0.7765413091	-0.6300663420	0.0000000000
0.6626626627	-0.7904979979	-0.6124646237	0.0000000000
0.6636636637	-0.8039700247	-0.5946698238	0.0000000000
0.6646646647	-0.8169563403	-0.5766995214	0.0000000000
0.6656656657	-0.8294565663	-0.5585712171	0.0000000000
0.6666666667	-0.8414709848	-0.5403023058	0.0000000000
0.6676676677	-0.8530005265	-0.5219100514	0.0000000000
0.6686686687	-0.8640467583	-0.5034115608	0.0000000000
0.6696696697	-0.8746118691	-0.4848237602	0.0000000000
0.6706706707	-0.8846986555	-0.4661633716	0.0000000000
0.6716716717	-0.8943105055	-0.4474468905	0.0000000000
0.6726726727	-0.9034513821	-0.4286905646	0.0000000000
0.6736736737	-0.9121258055	-0.4099103742	0.0000000000
0.6746746747	-0.9203388351	-0.3911220123	0.0000000000
0.6756756757	-0.9280960502	-0.3723408676	0.0000000000
0.6766766767	-0.9354035302	-0.3535820071	0.0000000000
0.6776776777	-0.9422678349	-0.3348601609	0.0000000000
0.6786786787	-0.9486959832	-0.3161897079	0.0000000000
0.6796796797	-0.9546954324	-0.2975846623	0.0000000000
0.6806806807	-0.9602740562	-0.2790586621	0.0000000000
0.6816816817	-0.9654401231	-0.2606249579	0.0000000000
0.6826826827	-0.9702022742	-0.2422964036	0.0000000000
0.6836836837	-0.9745695009	-0.2240854478	0.0000000000
0.6846846847	-0.9785511227	-0.2060041269	0.0000000000
0.6856856857	-0.9821567644	-0.1880640588	0.0000000000
0.6866866867	-0.9853963338	-0.1702764382	0.0000000000
0.6876876877	-0.9882799992	-0.1526520328	0.0000000000
0.6886886887	-0.9908181674	-0.1352011803	0.0000000000
0.6896896897	-0.9930214609	-0.1179337875	0.0000000000
0.6906906907	-0.9949006964	-0.1008593292	0.0000000000
0.6916916917	-0.9964668631	-0.0839868490	0.0000000000
0.6926926927	-0.9977311009	-0.0673249604	0.0000000000
0.6936936937	-0.9987046797	-0.0508818500	0.0000000000
0.6946946947	-0.9993989786	-0.0346652799	0.0000000000
0.6956956957	-0.9998254651	-0.0186825927	0.0000000000
0.6966966967	-0.9999956761	-0.0029407163	0.0000000000
0.6976976977	-0.9999211976	0.0125538304	0.0000000000
0.6986986987	-0.9996136463	0.0277949306	0.0000000000
0.6996996997	-0.9990846511	0.0427768622	0.0000000000
0.7007007007	-0.9983458352	0.0574942902	0.0000000000
0.7017017017	-0.9974087987	0.0719422573	0.0000000000
0.7027027027	-0.9962851019	0.0861161754	0.0000000000
0.7037037037	-0.9949862496	0.1000118154	0.0000000000
0.7047047047	-0.9935236746	0.1136252968	0.0000000000
0.7057057057	-0.9919087237	0.1269530773	0.0000000000
0.7067067067	-0.9901526430	0.1399919413	0.0000000000
0.7077077077	-0.9882665639	0.1527389885	0.0000000000
0.7087087087	-0.9862614907	0.1651916220	0.0000000000
0.7097097097	-0.9841482873	0.1773475362	0.0000000000
0.7107107107	-0.9819376660	0.1892047041	0.0000000000
0.7117117117	-0.9796401759	0.2007613653	0.0000000000
0.7127127127	-0.9772661923	0.2120160123	0.0000000000
0.7137137137	-0.9748259066	0.2229673786	0.0000000000
0.7147147147	-0.9723293169	0.2336144249	0.0000000000
0.7157157157	-0.9697862191	0.2439563265	0.0000000000
0.7167167167	-0.9672061984	0.2539924599	0.0000000000
0.7177177177	-0.9645986217	0.2637223902	0.0000000000
0.7187187187	-0.9619726298	0.2731458577	0.0000000000
0.7197197197	-0.9593371313	0.2822627649	0.0000000000
0.7207207207	-0.9567007960	0.2910731643	0.0000000000
0.7217217217	-0.9540720488	0.2995772450	0.0000000000
0.7227227227	-0.9514590648	0.3077753207	0.0000000000
0.7237237237	-0.9488697642	0.3156678170	0.0000000000
0.7247247247	-0.9463118075	0.3232552598	0.0000000000
0.7257257257	-0.9437925920	0.3305382631	0.0000000000
0.7267267267	-0.9413192473	0.3375175176	0.0000000000
0.7277277277	-0.9388986326	0.3441937792	0.0000000000
0.7287287287	-0.9365373333	0.3505678585	0.0000000000
0.7297297297	-0.9342416580	0.3566406098	0.0000000000
0.7307307307	-0.9320176366	0.3624129207	0.0000000000
0.7317317317	-0.9298710178	0.3678857028	0.0000000000
0.7327327327	-0.9278072671	0.3730598815	0.0000000000
0.7337337337	-0.9258315652	0.3779363874	0.0000000000
0.7347347347	-0.9239488066	0.3825161471	0.0000000000
0.7357357357	-0.9221635981	0.3868000755	0.0000000000
0.7367367367	-0.9204802577	0.3907890675	0.0000000000
0.7377377377	-0.9189028138	0.3944839906	0.0000000000
0.7387387387	-0.9174350043	0.3978856783	0.0000000000
0.7397397397	-0.9160802757	0.4009949233	0.0000000000
0.7407407407	-0.9148417828	0.4038124718	0.0000000000
0.7417417417	-0.9137223882	0.4063390177	0.0000000000
0.7427427427	-0.9127246615	0.4085751978	0.0000000000
0.7437437437	-0.9118508795	0.4105215872	0.0000000000
0.7447447447	-0.9111037796	0.4121790350	0.0000000000
0.7457457457	-0.9104833040	0.4135471952	0.0000000000
0.7467467467	-0.9099918885	0.4146269013	0.0000000000
0.7477477477	-0.9096306353	0.4154184476	0.0000000000
0.7487487487	-0.9094003526	0.4159220509	0.0000000000
0.7497497497	-0.9093015551	0.4161378501	0.0000000000
0.7507507508	-0.9093344632	0.4160659047	0.0000000000
0.7517517518	-0.9094990035	0.4157061950	0.0000000000
0.7527527528	-0.9097948084	0.4150586217	0.0000000000
0.7537537538	-0.9102212164	0.4141230071	0.0000000000
0.7547547548	-0.9107772721	0.4128990956	0.0000000000
0.7557557558	-0.9114617263	0.4113865560	0.0000000000
0.7567567568	-0.9122730358	0.4095849834	0.0000000000
0.7577577578	-0.9132081672	0.4074933661	0.0000000000
0.7587587588	-0.9142670308	0.4051120789	0.0000000000
0.7597597598	-0.9154463140	0.4024401150	0.0000000000
0.7607607608	-0.9167433008	0.3994768083	0.0000000000
0.7617617618	-0.9181549825	0.3962214383	0.0000000000
0.7627627628	-0.9196780582	0.3926732347	0.0000000000
0.7637637638	-0.9213089358	0.3888313836	0.0000000000
0.7647647648	-0.9230437319	0.3846950338	0.0000000000
0.7657657658	-0.9248782733	0.3802633030	0.0000000000
0.7667667668	-0.9268080974	0.3755352854	0.0000000000
0.7677677678	-0.9288284534	0.3705100594	0.0000000000
0.7687687688	-0.9309343036	0.3651866952	0.0000000000
0.7697697698	-0.9331203246	0.3595642637	0.0000000000
0.7707707708	-0.9353809092	0.3536418453	0.0000000000
0.7717717718	-0.9377101677	0.3474185392	0.0000000000
0.7727727728	-0.9401019307	0.3408934730	0.0000000000
0.7737737738	-0.9425497507	0.3340658131	0.0000000000
0.7747747748	-0.9450469052	0.3269347749	0.0000000000
0.7757757758	-0.9475863993	0.3194996337	0.0000000000
0.7767767768	-0.9501609691	0.3117597356	0.0000000000
0.7777777778	-0.9527630854	0.3037145094	0.0000000000
0.7787787788	-0.9553849570	0.2953634777	0.0000000000
0.7797797798	-0.9580185359	0.2867062694	0.0000000000
0.7807807808	-0.9606555214	0.2777426314	0.0000000000
0.7817817818	-0.9632873653	0.2684724415	0.0000000000
0.7827827828	-0.9659052779	0.2588957207	0.0000000000
0.7837837838	-0.9685002335	0.2490126457	0.0000000000
0.7847847848	-0.9710629774	0.2388235623	0.0000000000
0.7857857858	-0.9735840326	0.2283289982	0.0000000000
0.7867867868	-0.9760537076	0.2175296757	0.0000000000
0.7877877878	-0.9784621044	0.2064265252	0.0000000000
0.7887887888	-0.9807991269	0.1950206980	0.0000000000
0.7897897898	-0.9830544906	0.1833135795	0.0000000000
0.7907907908	-0.9852177321	0.1713068021	0.0000000000
0.7917917918	-0.9872782192	0.1590022577	0.0000000000
0.7927927928	-0.9892251624	0.1464021112	0.0000000000
0.7937937938	-0.9910476260	0.1335088123	0.0000000000
0.7947947948	-0.9927345407	0.1203251081	0.0000000000
0.7957957958	-0.9942747160	0.1068540551	0.0000000000
0.7967967968	-0.9956568538	0.0930990307	0.0000000000
0.7977977978	-0.9968695623	0.0790637451	0.0000000000
0.7987987988	-0.9979013708	0.0647522516	0.0000000000
0.7997997998	-0.9987407450	0.0501689577	0.0000000000
0.8008008008	-0.9993761024	0.0353186349	0.0000000000
0.8018018018	-0.9997958293	0.0202064281	0.0000000000
0.8028028028	-0.9999882975	0.0048378649	0.0000000000
0.8038038038	-0.9999418819	-0.0107811362	0.0000000000
0.8048048048	-0.9996449787	-0.0266442583	0.0000000000
0.8058058058	-0.9990860243	-0.0427447787	0.0000000000
0.8068068068	-0.9982535138	-0.0590755629	0.0000000000
0.8078078078	-0.9971360215	-0.0756290591	0.0000000000
0.8088088088	-0.9957222204	-0.0923972934	0.0000000000
0.8098098098	-0.9940009029	-0.1093718663	0.0000000000
0.8108108108	-0.9919610017	-0.1265439492	0.0000000000
0.8118118118	-0.9895916114	-0.1439042831	0.0000000000
0.8128128128	-0.9868820094	-0.1614431774	0.0000000000
0.8138138138	-0.9838216784	-0.1791505096	0.0000000000
0.8148148148	-0.9804003282	-0.1970157266	0.0000000000
0.8158158158	-0.9766079178	-0.2150278470	0.0000000000
0.8168168168	-0.9724346780	-0.2331754639	0.0000000000
0.8178178178	-0.9678711341	-0.2514467494	0.0000000000
0.8188188188	-0.9629081277	-0.2698294603	0.0000000000
0.8198198198	-0.9575368397	-0.2883109442	0.0000000000
0.8208208208	-0.9517488126	-0.3068781479	0.0000000000
0.8218218218	-0.9455359725	-0.3255176257	0.0000000000
0.8228228228	-0.9388906513	-0.3442155502	0.0000000000
0.8238238238	-0.9318056081	-0.3629577231	0.0000000000
0.8248248248	-0.9242740510	-0.3817295885	0.0000000000
0.8258258258	-0.9162896578	-0.4005162456	0.0000000000
0.8268268268	-0.9078465966	-0.4193024648	0.0000000000
0.8278278278	-0.8989395458	-0.4380727029	0.0000000000
0.8288288288	-0.8895637131	-0.4568111211	0.0000000000
0.8298298298	-0.8797148547	-0.4755016029	0.0000000000
0.8308308308	-0.8693892930	-0.4941277741	0.0000000000
0.8318318318	-0.8585839337	-0.5126730232	0.0000000000
0.8328328328	-0.8472962821	-0.5311205234	0.0000000000
0.8338338338	-0.8355244584	-0.5494532550	0.0000000000
0.8348348348	-0.8232672122	-0.5676540296	0.0000000000
0.8358358358	-0.8105239356	-0.5857055146	0.0000000000
0.8368368368	-0.7972946754	-0.6035902588	0.0000000000
0.8378378378	-0.7835801442	-0.6212907191	0.0000000000
0.8388388388	-0.7693817298	-0.6387892875	0.0000000000
0.8398398398	-0.7547015042	-0.6560683193	0.0000000000
0.8408408408	-0.7395422301	-0.6731101618	0.0000000000
0.8418418418	-0.7239073672	-0.6898971834	0.0000000000
0.8428428428	-0.7078010762	-0.7064118037	0.0000000000
0.8438438438	-0.6912282219	-0.7226365236	0.0000000000
0.8448448448	-0.6741943742	-0.7385539559	0.0000000000
0.8458458458	-0.6567058082	-0.7541468567	0.0000000000
0.8468468468	-0.6387695025	-0.7693981562	0.0000000000
0.8478478478	-0.6203931358	-0.7842909900	0.0000000000
0.8488488488	-0.6015850821	-0.7988087312	0.0000000000
0.8498498498	-0.5823544041	-0.8129350208	0.0000000000
0.8508508509	-0.5627108451	-0.8266537998	0.0000000000
0.8518518519	-0.5426648195	-0.8399493399	0.0000000000
0.8528528529	-0.5222274011	-0.8528062743	0.0000000000
0.8538538539	-0.5014103106	-0.8652096280	0.0000000000
0.8548548549	-0.4802259006	-0.8771448480	0.0000000000
0.8558558559	-0.4586871399	-0.8885978323	0.0000000000
0.8568568569	-0.4368075959	-0.8995549589	0.0000000000
0.8578578579	-0.4146014151	-0.9100031135	0.0000000000
0.8588588589	-0.3920833027	-0.9199297167	0.0000000000
0.8598598599	-0.3692685007	-0.9293227504	0.0000000000
0.8608608609	-0.3461727642	-0.9381707826	0.0000000000
0.8618618619	-0.3228123368	-0.9464629920	0.0000000000
0.8628628629	-0.2992039243	-0.9541891907	0.0000000000
0.8638638639	-0.2753646679	-0.9613398461	0.0000000000
0.8648648649	-0.2513121152	-0.9679061012	0.0000000000
0.8658658659	-0.2270641912	-0.9738797940	0.0000000000
0.8668668669	-0.2026391674	-0.9792534748	0.0000000000
0.8678678679	-0.1780556305	-0.9840204228	0.0000000000
0.8688688689	-0.1533324502	-0.9881746605	0.0000000000
0.8698698699	-0.1284887458	-0.9917109671	0.0000000000
0.8708708709	-0.1035438529	-0.9946248894	0.0000000000
0.8718718719	-0.0785172885	-0.9969127522	0.0000000000
0.8728728729	-0.0534287169	-0.9985716660	0.0000000000
0.8738738739	-0.0282979138	-0.9995995339	0.0000000000
0.8748748749	-0.0031447309	-0.9999950553	0.0000000000
0.8758758759	0.0220109396	-0.9997577299	0.0000000000
0.8768768769	0.0471492010	-0.9988878580	0.0000000000
0.8778778779	0.0722501881	-0.9973865401	0.0000000000
0.8788788789	0.0972941027	-0.9952556745	0.0000000000
0.8798798799	0.1222612495	-0.9924979531	0.0000000000
0.8808808809	0.1471320714	-0.9891168554	0.0000000000
0.8818818819	0.1718871843	-0.9851166408	0.0000000000
0.8828828829	0.1965074114	-0.9805023393	0.0000000000
0.8838838839	0.2209738175	-0.9752797404	0.0000000000
0.8848848849	0.2452677423	-0.9694553804	0.0000000000
0.8858858859	0.2693708323	-0.9630365282	0.0000000000
0.8868868869	0.2932650732	-0.9560311694	0.0000000000
0.8878878879	0.3169328200	-0.9484479889	0.0000000000
0.8888888889	0.3403568274	-0.9402963523	0.0000000000
0.8898898899	0.3635202780	-0.9315862856	0.0000000000
0.8908908909	0.3864068101	-0.9223284540	0.0000000000
0.8918918919	0.4090005443	-0.9125341390	0.0000000000
0.8928928929	0.4312861080	-0.9022152144	0.0000000000
0.8938938939	0.4532486596	-0.8913841218	0.0000000000
0.8948948949	0.4748739110	-0.8800538442	0.0000000000
0.8958958959	0.4961481482	-0.8682378793	0.0000000000
0.8968968969	0.5170582510	-0.8559502118	0.0000000000
0.8978978979	0.5375917112	-0.8432052847	0.0000000000
0.8988988989	0.5577366487	-0.8300179702	0.0000000000
0.8998998999	0.5774818266	-0.8164035399	0.0000000000
0.9009009009	0.5968166647	-0.8023776348	0.0000000000
0.9019019019	0.6157312508	-0.7879562341	0.0000000000
0.9029029029	0.6342163513	-0.7731556246	0.0000000000
0.9039039039	0.6522634194	-0.7579923692	0.0000000000
0.9049049049	0.6698646020	-0.7424832760	0.0000000000
0.9059059059	0.6870127451	-0.7266453662	0.0000000000
0.9069069069	0.7037013975	-0.7104958432	0.0000000000
0.9079079079	0.7199248129	-0.6940520613	0.0000000000
0.9089089089	0.7356779503	-0.6773314945	0.0000000000
0.9099099099	0.7509564733	-0.6603517058	0.0000000000
0.9109109109	0.7657567472	-0.6431303166	0.0000000000
0.9119119119	0.7800758355	-0.6256849774	0.0000000000
0.9129129129	0.7939114943	-0.6080333374	0.0000000000
0.9139139139	0.8072621652	-0.5901930165	0.0000000000
0.9149149149	0.8201269679	-0.5721815766	0.0000000000
0.9159159159	0.8325056901	-0.5540164944	0.0000000000
0.9169169169	0.8443987770	-0.5357151346	0.0000000000
0.9179179179	0.8558073198	-0.5172947240	0.0000000000
0.9189189189	0.8667330421	-0.4987723266	0.0000000000
0.9199199199	0.8771782863	-0.4801648198	0.0000000000
0.9209209209	0.8871459982	-0.4614888710	0.0000000000
0.9219219219	0.8966397112	-0.4427609155	0.0000000000
0.9229229229	0.9056635294	-0.4239971363	0.0000000000
0.9239239239	0.9142221094	-0.4052134434	0.0000000000
0.9249249249	0.9223206424	-0.3864254554	0.0000000000
0.9259259259	0.9299648347	-0.3676484821	0.0000000000
0.9269269269	0.9371608876	-0.3488975077	0.0000000000
0.9279279279	0.9439154777	-0.3301871758	0.0000000000
0.9289289289	0.9502357355	-0.3115317753	0.0000000000
0.9299299299	0.9561292244	-0.2929452275	0.0000000000
0.9309309309	0.9616039188	-0.2744410744	0.0000000000
0.9319319319	0.9666681826	-0.2560324683	0.0000000000
0.9329329329	0.9713307464	-0.2377321625	0.0000000000
0.9339339339	0.9756006859	-0.2195525033	0.0000000000
0.9349349349	0.9794873989	-0.2015054229	0.0000000000
0.9359359359	0.9830005831	-0.1836024338	0.0000000000
0.9369369369	0.9861502135	-0.1658546243	0.0000000000
0.9379379379	0.9889465203	-0.1482726547	0.0000000000
0.9389389389	0.9913999659	-0.1308667553	0.0000000000
0.9399399399	0.9935212237	-0.1136467247	0.0000000000
0.9409409409	0.9953211556	-0.0966219299	0.0000000000
0.9419419419	0.9968107902	-0.0798013068	0.0000000000
0.9429429429	0.9980013021	-0.0631933620	0.0000000000
0.9439439439	0.9989039904	-0.0468061754	0.0000000000
0.9449449449	0.9995302580	-0.0306474039	0.0000000000
0.9459459459	0.9998915919	-0.0147242861	0.0000000000
0.9469469469	0.9999995427	0.0009563533	0.0000000000
0.9479479479	0.9998657062	0.0163880963	0.0000000000
0.9489489489	0.9995017036	0.0315649255	0.0000000000
0.9499499499	0.9989191642	0.0464812164	0.0000000000
0.9509509510	0.9981297069	0.0611317293	0.0000000000
0.9519519520	0.9971449234	0.0755116001	0.0000000000
0.9529529530	0.9959763618	0.0896163314	0.0000000000
0.9539539540	0.9946355100	0.1034417821	0.0000000000
0.9549549550	0.9931337810	0.1169841575	0.0000000000
0.9559559560	0.9914824976	0.1302399978	0.0000000000
0.9569569570	0.9896928785	0.1432061674	0.0000000000
0.9579579580	0.9877760245	0.1558798431	0.0000000000
0.9589589590	0.9857429059	0.1682585018	0.0000000000
0.9599599600	0.9836043500	0.1803399088	0.0000000000
0.9609609610	0.9813710291	0.1921221050	0.0000000000
0.9619619620	0.9790534499	0.2036033943	0.0000000000
0.9629629630	0.9766619427	0.2147823308	0.0000000000
0.9639639640	0.9742066515	0.2256577060	0.0000000000
0.9649649650	0.9716975245	0.2362285353	0.0000000000
0.9659659660	0.9691443058	0.2464940457	0.0000000000
0.9669669670	0.9665565267	0.2564536621	0.0000000000
0.9679679680	0.9639434981	0.2661069945	0.0000000000
0.9689689690	0.9613143036	0.2754538249	0.0000000000
0.9699699700	0.9586777926	0.2844940948	0.0000000000
0.9709709710	0.9560425741	0.2932278917	0.0000000000
0.9719719720	0.9534170112	0.3016554371	0.0000000000
0.9729729730	0.9508092156	0.3097770739	0.0000000000
0.9739739740	0.9482270430	0.3175932539	0.0000000000
0.9749749750	0.9456780885	0.3251045261	0.0000000000
0.9759759760	0.9431696828	0.3323115247	0.0000000000
0.9769769770	0.9407088883	0.3392149577	0.0000000000
0.9779779780	0.9383024958	0.3458155959	0.0000000000
0.9789789790	0.9359570219	0.3521142617	0.0000000000
0.9799799800	0.9336787057	0.3581118185	0.0000000000
0.9809809810	0.9314735071	0.3638091611	0.0000000000
0.9819819820	0.9293471040	0.3692072052	0.0000000000
0.9829829830	0.9273048909	0.3743068785	0.0000000000
0.9839839840	0.9253519772	0.3791091113	0.0000000000
0.9849849850	0.9234931855	0.3836148281	0.0000000000
0.9859859860	0.9217330505	0.3878249394	0.0000000000
0.9869869870	0.9200758179	0.3917403340	0.0000000000
0.9879879880	0.9185254436	0.3953618716	0.0000000000
0.9889889890	0.9170855925	0.3986903760	0.0000000000
0.9899899900	0.9157596386	0.4017266290	0.0000000000
0.9909909910	0.9145506633	0.4044713639	0.0000000000
0.9919919920	0.9134614562	0.4069252610	0.0000000000
0.9929929930	0.9124945137	0.4090889420	0.0000000000
0.9939939940	0.9116520393	0.4109629659	0.0000000000
0.9949949950	0.9109366323	0.4125481367	0.0000000000
0.9959959960	0.9103483024	0.4138441517	0.0000000000
0.9969969970	0.9098893356	0.4148517933	0.0000000000
0.9979979980	0.9095607608	0.4155713364	0.0000000000
0.9989989990	0.9093633127	0.4160029787	0.0000000000
1.0000000000	0.9092974325	0.4161468392	0.0000000000
