Time	x	y	z
0.0000000000	0.909	0.416	0.000
0.0010010010	0.909	0.416	0.000
0.0020020020	0.910	0.416	0.000
0.0030030030	0.910	0.415	0.000
0.0040040040	0.910	0.414	0.000
0.0050050050	0.911	0.413	0.000
0.0060060060	0.912	0.411	0.000
0.0070070070	0.912	0.409	0.000
0.0080080080	0.913	0.407	0.000
0.0090090090	0.915	0.404	0.000
0.0100100100	0.916	0.402	0.000
0.0110110110	0.917	0.399	0.000
0.0120120120	0.919	0.395	0.000
0.0130130130	0.920	0.392	0.000
0.0140140140	0.922	0.388	0.000
0.0150150150	0.923	0.384	0.000
0.0160160160	0.925	0.379	0.000
0.0170170170	0.927	0.374	0.000
0.0180180180	0.929	0.369	0.000
0.0190190190	0.931	0.364	0.000
0.0200200200	0.934	0.358	0.000
0.0210210210	0.936	0.352	0.000
0.0220220220	0.938	0.346	0.000
0.0230230230	0.941	0.339	0.000
0.0240240240	0.943	0.332	0.000
0.0250250250	0.946	0.325	0.000
0.0260260260	0.948	0.318	0.000
0.0270270270	0.951	0.310	0.000
0.0280280280	0.953	0.302	0.000
0.0290290290	0.956	0.293	0.000
0.0300300300	0.959	0.284	0.000
0.0310310310	0.961	0.275	0.000
0.0320320320	0.964	0.266	0.000
0.0330330330	0.967	0.256	0.000
0.0340340340	0.969	0.246	0.000
0.0350350350	0.972	0.236	0.000
0.0360360360	0.974	0.226	0.000
0.0370370370	0.977	0.215	0.000
0.0380380380	0.979	0.204	0.000
0.0390390390	0.981	0.192	0.000
0.0400400400	0.984	0.180	0.000
0.0410410410	0.986	0.168	0.000
0.0420420420	0.988	0.156	0.000
0.0430430430	0.990	0.143	0.000
0.0440440440	0.991	0.130	0.000
0.0450450450	0.993	0.117	0.000
0.0460460460	0.995	0.103	0.000
0.0470470470	0.996	0.090	0.000
0.0480480480	0.997	0.076	0.000
0.0490490490	0.998	0.061	0.000
0.0500500501	0.999	0.046	0.000
0.0510510511	1.000	0.032	0.000
0.0520520521	1.000	0.016	0.000
0.0530530531	1.000	0.001	0.000
0.0540540541	1.000	-0.015	0.000
0.0550550551	1.000	-0.031	0.000
0.0560560561	0.999	-0.047	0.000
0.0570570571	0.998	-0.063	0.000
0.0580580581	0.997	-0.080	0.000
0.0590590591	0.995	-0.097	0.000
0.0600600601	0.994	-0.114	0.000
0.0610610611	0.991	-0.131	0.000
0.0620620621	0.989	-0.148	0.000
0.0630630631	0.986	-0.166	0.000
0.0640640641	0.983	-0.184	0.000
0.0650650651	0.979	-0.202	0.000
0.0660660661	0.976	-0.220	0.000
0.0670670671	0.971	-0.238	0.000
0.0680680681	0.967	-0.256	0.000
0.0690690691	0.962	-0.274	0.000
0.0700700701	0.956	-0.293	0.000
0.0710710711	0.950	-0.312	0.000
0.0720720721	0.944	-0.330	0.000
0.0730730731	0.937	-0.349	0.000
0.0740740741	0.930	-0.368	0.000
0.0750750751	0.922	-0.386	0.000
0.0760760761	0.914	-0.405	0.000
0.0770770771	0.906	-0.424	0.000
0.0780780781	0.897	-0.443	0.000
0.0790790791	0.887	-0.461	0.000
0.0800800801	0.877	-0.480	0.000
0.0810810811	0.867	-0.499	0.000
0.0820820821	0.856	-0.517	0.000
0.0830830831	0.844	-0.536	0.000
0.0840840841	0.833	-0.554	0.000
0.0850850851	0.820	-0.572	0.000
0.0860860861	0.807	-0.590	0.000
0.0870870871	0.794	-0.608	0.000
0.0880880881	0.780	-0.626	0.000
0.0890890891	0.766	-0.643	0.000
0.0900900901	0.751	-0.660	0.000
0.0910910911	0.736	-0.677	0.000
0.0920920921	0.720	-0.694	0.000
0.0930930931	0.704	-0.710	0.000
0.0940940941	0.687	-0.727	0.000
0.0950950951	0.670	-0.742	0.000
0.0960960961	0.652	-0.758	0.000
0.0970970971	0.634	-0.773	0.000
0.0980980981	0.616	-0.788	0.000
0.0990990991	0.597	-0.802	0.000
0.1001001001	0.577	-0.816	0.000
0.1011011011	0.558	-0.830	0.000
0.1021021021	0.538	-0.843	0.000
0.1031031031	0.517	-0.856	0.000
0.1041041041	0.496	-0.868	0.000
0.1051051051	0.475	-0.880	0.000
0.1061061061	0.453	-0.891	0.000
0.1071071071	0.431	-0.902	0.000
0.1081081081	0.409	-0.913	0.000
0.1091091091	0.386	-0.922	0.000
0.1101101101	0.364	-0.932	0.000
0.1111111111	0.340	-0.940	0.000
0.1121121121	0.317	-0.948	0.000
0.1131131131	0.293	-0.956	0.000
0.1141141141	0.269	-0.963	0.000
0.1151151151	0.245	-0.969	0.000
0.1161161161	0.221	-0.975	0.000
0.1171171171	0.197	-0.981	0.000
0.1181181181	0.172	-0.985	0.000
0.1191191191	0.147	-0.989	0.000
0.1201201201	0.122	-0.992	0.000
0.1211211211	0.097	-0.995	0.000
0.1221221221	0.072	-0.997	0.000
0.1231231231	0.047	-0.999	0.000
0.1241241241	0.022	-1.000	0.000
0.1251251251	-0.003	-1.000	0.000
0.1261261261	-0.028	-1.000	0.000
0.1271271271	-0.053	-0.999	0.000
0.1281281281	-0.079	-0.997	0.000
0.1291291291	-0.104	-0.995	0.000
0.1301301301	-0.128	-0.992	0.000
0.1311311311	-0.153	-0.988	0.000
0.1321321321	-0.178	-0.984	0.000
0.1331331331	-0.203	-0.979	0.000
0.1341341341	-0.227	-0.974	0.000
0.1351351351	-0.251	-0.968	0.000
0.1361361361	-0.275	-0.961	0.000
0.1371371371	-0.299	-0.954	0.000
0.1381381381	-0.323	-0.946	0.000
0.1391391391	-0.346	-0.938	0.000
0.1401401401	-0.369	-0.929	0.000
0.1411411411	-0.392	-0.920	0.000
0.1421421421	-0.415	-0.910	0.000
0.1431431431	-0.437	-0.900	0.000
0.1441441441	-0.459	-0.889	0.000
0.1451451451	-0.480	-0.877	0.000
0.1461461461	-0.501	-0.865	0.000
0.1471471471	-0.522	-0.853	0.000
0.1481481481	-0.543	-0.840	0.000
0.1491491491	-0.563	-0.827	0.000
0.1501501502	-0.582	-0.813	0.000
0.1511511512	-0.602	-0.799	0.000
0.1521521522	-0.620	-0.784	0.000
0.1531531532	-0.639	-0.769	0.000
0.1541541542	-0.657	-0.754	0.000
0.1551551552	-0.674	-0.739	0.000
0.1561561562	-0.691	-0.723	0.000
0.1571571572	-0.708	-0.706	0.000
0.1581581582	-0.724	-0.690	0.000
0.1591591592	-0.740	-0.673	0.000
0.1601601602	-0.755	-0.656	0.000
0.1611611612	-0.769	-0.639	0.000
0.1621621622	-0.784	-0.621	0.000
0.1631631632	-0.797	-0.604	0.000
0.1641641642	-0.811	-0.586	0.000
0.1651651652	-0.823	-0.568	0.000
0.1661661662	-0.836	-0.549	0.000
0.1671671672	-0.847	-0.531	0.000
0.1681681682	-0.859	-0.513	0.000
0.1691691692	-0.869	-0.494	0.000
0.1701701702	-0.880	-0.476	0.000
0.1711711712	-0.890	-0.457	0.000
0.1721721722	-0.899	-0.438	0.000
0.1731731732	-0.908	-0.419	0.000
0.1741741742	-0.916	-0.401	0.000
0.1751751752	-0.924	-0.382	0.000
0.1761761762	-0.932	-0.363	0.000
0.1771771772	-0.939	-0.344	0.000
0.1781781782	-0.946	-0.326	0.000
0.1791791792	-0.952	-0.307	0.000
0.1801801802	-0.958	-0.288	0.000
0.1811811812	-0.963	-0.270	0.000
0.1821821822	-0.968	-0.251	0.000
0.1831831832	-0.972	-0.233	0.000
0.1841841842	-0.977	-0.215	0.000
0.1851851852	-0.980	-0.197	0.000
0.1861861862	-0.984	-0.179	0.000
0.1871871872	-0.987	-0.161	0.000
0.1881881882	-0.990	-0.144	0.000
0.1891891892	-0.992	-0.127	0.000
0.1901901902	-0.994	-0.109	0.000
0.1911911912	-0.996	-0.092	0.000
0.1921921922	-0.997	-0.076	0.000
0.1931931932	-0.998	-0.059	0.000
0.1941941942	-0.999	-0.043	0.000
0.1951951952	-1.000	-0.027	0.000
0.1961961962	-1.000	-0.011	0.000
0.1971971972	-1.000	0.005	0.000
0.1981981982	-1.000	0.020	0.000
0.1991991992	-0.999	0.035	0.000
0.2002002002	-0.999	0.050	0.000
0.2012012012	-0.998	0.065	0.000
0.2022022022	-0.997	0.079	0.000
0.2032032032	-0.996	0.093	0.000
0.2042042042	-0.994	0.107	0.000
0.2052052052	-0.993	0.120	0.000
0.2062062062	-0.991	0.134	0.000
0.2072072072	-0.989	0.146	0.000
0.2082082082	-0.987	0.159	0.000
0.2092092092	-0.985	0.171	0.000
0.2102102102	-0.983	0.183	0.000
0.2112112112	-0.981	0.195	0.000
0.2122122122	-0.978	0.206	0.000
0.2132132132	-0.976	0.218	0.000
0.2142142142	-0.974	0.228	0.000
0.2152152152	-0.971	0.239	0.000
0.2162162162	-0.969	0.249	0.000
0.2172172172	-0.966	0.259	0.000
0.2182182182	-0.963	0.268	0.000
0.2192192192	-0.961	0.278	0.000
0.2202202202	-0.958	0.287	0.000
0.2212212212	-0.955	0.295	0.000
0.2222222222	-0.953	0.304	0.000
0.2232232232	-0.950	0.312	0.000
0.2242242242	-0.948	0.319	0.000
0.2252252252	-0.945	0.327	0.000
0.2262262262	-0.943	0.334	0.000
0.2272272272	-0.940	0.341	0.000
0.2282282282	-0.938	0.347	0.000
0.2292292292	-0.935	0.354	0.000
0.2302302302	-0.933	0.360	0.000
0.2312312312	-0.931	0.365	0.000
0.2322322322	-0.929	0.371	0.000
0.2332332332	-0.927	0.376	0.000
0.2342342342	-0.925	0.380	0.000
0.2352352352	-0.923	0.385	0.000
0.2362362362	-0.921	0.389	0.000
0.2372372372	-0.920	0.393	0.000
0.2382382382	-0.918	0.396	0.000
0.2392392392	-0.917	0.399	0.000
0.2402402402	-0.915	0.402	0.000
0.2412412412	-0.914	0.405	0.000
0.2422422422	-0.913	0.407	0.000
0.2432432432	-0.912	0.410	0.000
0.2442442442	-0.911	0.411	0.000
0.2452452452	-0.911	0.413	0.000
0.2462462462	-0.910	0.414	0.000
0.2472472472	-0.910	0.415	0.000
0.2482482482	-0.909	0.416	0.000
0.2492492492	-0.909	0.416	0.000
0.2502502503	-0.909	0.416	0.000
0.2512512513	-0.909	0.416	0.000
0.2522522523	-0.910	0.415	0.000
0.2532532533	-0.910	0.415	0.000
0.2542542543	-0.910	0.414	0.000
0.2552552553	-0.911	0.412	0.000
0.2562562563	-0.912	0.411	0.000
0.2572572573	-0.913	0.409	0.000
0.2582582583	-0.914	0.406	0.000
0.2592592593	-0.915	0.404	0.000
0.2602602603	-0.916	0.401	0.000
0.2612612613	-0.917	0.398	0.000
0.2622622623	-0.919	0.394	0.000
0.2632632633	-0.920	0.391	0.000
0.2642642643	-0.922	0.387	0.000
0.2652652653	-0.924	0.383	0.000
0.2662662663	-0.926	0.378	0.000
0.2672672673	-0.928	0.373	0.000
0.2682682683	-0.930	0.368	0.000
0.2692692693	-0.932	0.362	0.000
0.2702702703	-0.934	0.357	0.000
0.2712712713	-0.937	0.351	0.000
0.2722722723	-0.939	0.344	0.000
0.2732732733	-0.941	0.338	0.000
0.2742742743	-0.944	0.331	0.000
0.2752752753	-0.946	0.323	0.000
0.2762762763	-0.949	0.316	0.000
0.2772772773	-0.951	0.308	0.000
0.2782782783	-0.954	0.300	0.000
0.2792792793	-0.957	0.291	0.000
0.2802802803	-0.959	0.282	0.000
0.2812812813	-0.962	0.273	0.000
0.2822822823	-0.965	0.264	0.000
0.2832832833	-0.967	0.254	0.000
0.2842842843	-0.970	0.244	0.000
0.2852852853	-0.972	0.234	0.000
0.2862862863	-0.975	0.223	0.000
0.2872872873	-0.977	0.212	0.000
0.2882882883	-0.980	0.201	0.000
0.2892892893	-0.982	0.189	0.000
0.2902902903	-0.984	0.177	0.000
0.2912912913	-0.986	0.165	0.000
0.2922922923	-0.988	0.153	0.000
0.2932932933	-0.990	0.140	0.000
0.2942942943	-0.992	0.127	0.000
0.2952952953	-0.994	0.114	0.000
0.2962962963	-0.995	0.100	0.000
0.2972972973	-0.996	0.086	0.000
0.2982982983	-0.997	0.072	0.000
0.2992992993	-0.998	0.057	0.000
0.3003003003	-0.999	0.043	0.000
0.3013013013	-1.000	0.028	0.000
0.3023023023	-1.000	0.013	0.000
0.3033033033	-1.000	-0.003	0.000
0.3043043043	-1.000	-0.019	0.000
0.3053053053	-0.999	-0.035	0.000
0.3063063063	-0.999	-0.051	0.000
0.3073073073	-0.998	-0.067	0.000
0.3083083083	-0.996	-0.084	0.000
0.3093093093	-0.995	-0.101	0.000
0.3103103103	-0.993	-0.118	0.000
0.3113113113	-0.991	-0.135	0.000
0.3123123123	-0.988	-0.153	0.000
0.3133133133	-0.985	-0.170	0.000
0.3143143143	-0.982	-0.188	0.000
0.3153153153	-0.979	-0.206	0.000
0.3163163163	-0.975	-0.224	0.000
0.3173173173	-0.970	-0.242	0.000
0.3183183183	-0.965	-0.261	0.000
0.3193193193	-0.960	-0.279	0.000
0.3203203203	-0.955	-0.298	0.000
0.3213213213	-0.949	-0.316	0.000
0.3223223223	-0.942	-0.335	0.000
0.3233233233	-0.935	-0.354	0.000
0.3243243243	-0.928	-0.372	0.000
0.3253253253	-0.920	-0.391	0.000
0.3263263263	-0.912	-0.410	0.000
0.3273273273	-0.903	-0.429	0.000
0.3283283283	-0.894	-0.447	0.000
0.3293293293	-0.885	-0.466	0.000
0.3303303303	-0.875	-0.485	0.000
0.3313313313	-0.864	-0.503	0.000
0.3323323323	-0.853	-0.522	0.000
0.3333333333	-0.841	-0.540	0.000
0.3343343343	-0.829	-0.559	0.000
0.3353353353	-0.817	-0.577	0.000
0.3363363363	-0.804	-0.595	0.000
0.3373373373	-0.790	-0.612	0.000
0.3383383383	-0.777	-0.630	0.000
0.3393393393	-0.762	-0.647	0.000
0.3403403403	-0.747	-0.665	0.000
0.3413413413	-0.732	-0.682	0.000
0.3423423423	-0.716	-0.698	0.000
0.3433433433	-0.700	-0.715	0.000
0.3443443443	-0.683	-0.731	0.000
0.3453453453	-0.666	-0.746	0.000
0.3463463463	-0.648	-0.762	0.000
0.3473473473	-0.630	-0.777	0.000
0.3483483483	-0.611	-0.792	0.000
0.3493493493	-0.592	-0.806	0.000
0.3503503504	-0.573	-0.820	0.000
0.3513513514	-0.553	-0.833	0.000
0.3523523524	-0.532	-0.846	0.000
0.3533533534	-0.512	-0.859	0.000
0.3543543544	-0.491	-0.871	0.000
0.3553553554	-0.469	-0.883	0.000
0.3563563564	-0.448	-0.894	0.000
0.3573573574	-0.426	-0.905	0.000
0.3583583584	-0.403	-0.915	0.000
0.3593593594	-0.381	-0.925	0.000
0.3603603604	-0.358	-0.934	0.000
0.3613613614	-0.335	-0.942	0.000
0.3623623624	-0.311	-0.950	0.000
0.3633633634	-0.287	-0.958	0.000
0.3643643644	-0.263	-0.965	0.000
0.3653653654	-0.239	-0.971	0.000
0.3663663664	-0.215	-0.977	0.000
0.3673673674	-0.190	-0.982	0.000
0.3683683684	-0.166	-0.986	0.000
0.3693693694	-0.141	-0.990	0.000
0.3703703704	-0.116	-0.993	0.000
0.3713713714	-0.091	-0.996	0.000
0.3723723724	-0.066	-0.998	0.000
0.3733733734	-0.041	-0.999	0.000
0.3743743744	-0.016	-1.000	0.000
0.3753753754	0.009	-1.000	0.000
0.3763763764	0.035	-0.999	0.000
0.3773773774	0.060	-0.998	0.000
0.3783783784	0.085	-0.996	0.000
0.3793793794	0.110	-0.994	0.000
0.3803803804	0.135	-0.991	0.000
0.3813813814	0.160	-0.987	0.000
0.3823823824	0.184	-0.983	0.000
0.3833833834	0.209	-0.978	0.000
0.3843843844	0.233	-0.972	0.000
0.3853853854	0.257	-0.966	0.000
0.3863863864	0.281	-0.960	0.000
0.3873873874	0.305	-0.952	0.000
0.3883883884	0.329	-0.944	0.000
0.3893893894	0.352	-0.936	0.000
0.3903903904	0.375	-0.927	0.000
0.3913913914	0.398	-0.917	0.000
0.3923923924	0.420	-0.907	0.000
0.3933933934	0.442	-0.897	0.000
0.3943943944	0.464	-0.886	0.000
0.3953953954	0.486	-0.874	0.000
0.3963963964	0.507	-0.862	0.000
0.3973973974	0.527	-0.850	0.000
0.3983983984	0.548	-0.837	0.000
0.3993993994	0.568	-0.823	0.000
0.4004004004	0.587	-0.809	0.000
0.4014014014	0.606	-0.795	0.000
0.4024024024	0.625	-0.781	0.000
0.4034034034	0.643	-0.766	0.000
0.4044044044	0.661	-0.750	0.000
0.4054054054	0.678	-0.735	0.000
0.4064064064	0.695	-0.719	0.000
0.4074074074	0.712	-0.702	0.000
0.4084084084	0.728	-0.686	0.000
0.4094094094	0.743	-0.669	0.000
0.4104104104	0.758	-0.652	0.000
0.4114114114	0.773	-0.634	0.000
0.4124124124	0.787	-0.617	0.000
0.4134134134	0.801	-0.599	0.000
0.4144144144	0.814	-0.581	0.000
0.4154154154	0.826	-0.563	0.000
0.4164164164	0.839	-0.545	0.000
0.4174174174	0.850	-0.527	0.000
0.4184184184	0.861	-0.508	0.000
0.4194194194	0.872	-0.489	0.000
0.4204204204	0.882	-0.471	0.000
0.4214214214	0.892	-0.452	0.000
0.4224224224	0.901	-0.433	0.000
0.4234234234	0.910	-0.415	0.000
0.4244244244	0.918	-0.396	0.000
0.4254254254	0.926	-0.377	0.000
0.4264264264	0.934	-0.358	0.000
0.4274274274	0.941	-0.340	0.000
0.4284284284	0.947	-0.321	0.000
0.4294294294	0.953	-0.302	0.000
0.4304304304	0.959	-0.284	0.000
0.4314314314	0.964	-0.265	0.000
0.4324324324	0.969	-0.247	0.000
0.4334334334	0.974	-0.229	0.000
0.4344344344	0.978	-0.211	0.000
0.4354354354	0.981	-0.193	0.000
0.4364364364	0.985	-0.175	0.000
0.4374374374	0.988	-0.157	0.000
0.4384384384	0.990	-0.140	0.000
0.4394394394	0.993	-0.122	0.000
0.4404404404	0.994	-0.105	0.000
0.4414414414	0.996	-0.088	0.000
0.4424424424	0.997	-0.071	0.000
0.4434434434	0.998	-0.055	0.000
0.4444444444	0.999	-0.039	0.000
0.4454454454	1.000	-0.023	0.000
0.4464464464	1.000	-0.007	0.000
0.4474474474	1.000	0.009	0.000
0.4484484484	1.000	0.024	0.000
0.4494494494	0.999	0.039	0.000
0.4504504505	0.999	0.054	0.000
0.4514514515	0.998	0.068	0.000
0.4524524525	0.997	0.083	0.000
0.4534534535	0.995	0.097	0.000
0.4544544545	0.994	0.110	0.000
0.4554554555	0.992	0.124	0.000
0.4564564565	0.991	0.137	0.000
0.4574574575	0.989	0.150	0.000
0.4584584585	0.987	0.162	0.000
0.4594594595	0.985	0.174	0.000
0.4604604605	0.982	0.186	0.000
0.4614614615	0.980	0.198	0.000
0.4624624625	0.978	0.209	0.000
0.4634634635	0.975	0.220	0.000
0.4644644645	0.973	0.231	0.000
0.4654654655	0.970	0.241	0.000
0.4664664665	0.968	0.252	0.000
0.4674674675	0.965	0.261	0.000
0.4684684685	0.963	0.271	0.000
0.4694694695	0.960	0.280	0.000
0.4704704705	0.957	0.289	0.000
0.4714714715	0.955	0.297	0.000
0.4724724725	0.952	0.306	0.000
0.4734734735	0.950	0.314	0.000
0.4744744745	0.947	0.321	0.000
0.4754754755	0.944	0.329	0.000
0.4764764765	0.942	0.336	0.000
0.4774774775	0.939	0.343	0.000
0.4784784785	0.937	0.349	0.000
0.4794794795	0.935	0.355	0.000
0.4804804805	0.933	0.361	0.000
0.4814814815	0.930	0.367	0.000
0.4824824825	0.928	0.372	0.000
0.4834834835	0.926	0.377	0.000
0.4844844845	0.924	0.381	0.000
0.4854854855	0.923	0.386	0.000
0.4864864865	0.921	0.390	0.000
0.4874874875	0.919	0.394	0.000
0.4884884885	0.918	0.397	0.000
0.4894894895	0.916	0.400	0.000
0.4904904905	0.915	0.403	0.000
0.4914914915	0.914	0.406	0.000
0.4924924925	0.913	0.408	0.000
0.4934934935	0.912	0.410	0.000
0.4944944945	0.911	0.412	0.000
0.4954954955	0.911	0.413	0.000
0.4964964965	0.910	0.414	0.000
0.4974974975	0.910	0.415	0.000
0.4984984985	0.909	0.416	0.000
0.4994994995	0.909	0.416	0.000
0.5005005005	0.909	0.416	0.000
0.5015015015	0.909	0.416	0.000
0.5025025025	0.910	0.415	0.000
0.5035035035	0.910	0.414	0.000
0.5045045045	0.911	0.413	0.000
0.5055055055	0.911	0.412	0.000
0.5065065065	0.912	0.410	0.000
0.5075075075	0.913	0.408	0.000
0.5085085085	0.914	0.406	0.000
0.5095095095	0.915	0.403	0.000
0.5105105105	0.916	0.400	0.000
0.5115115115	0.918	0.397	0.000
0.5125125125	0.919	0.394	0.000
0.5135135135	0.921	0.390	0.000
0.5145145145	0.923	0.386	0.000
0.5155155155	0.924	0.381	0.000
0.5165165165	0.926	0.377	0.000
0.5175175175	0.928	0.372	0.000
0.5185185185	0.930	0.367	0.000
0.5195195195	0.933	0.361	0.000
0.5205205205	0.935	0.355	0.000
0.5215215215	0.937	0.349	0.000
0.5225225225	0.939	0.343	0.000
0.5235235235	0.942	0.336	0.000
0.5245245245	0.944	0.329	0.000
0.5255255255	0.947	0.321	0.000
0.5265265265	0.950	0.314	0.000
0.5275275275	0.952	0.306	0.000
0.5285285285	0.955	0.297	0.000
0.5295295295	0.957	0.289	0.000
0.5305305305	0.960	0.280	0.000
0.5315315315	0.963	0.271	0.000
0.5325325325	0.965	0.261	0.000
0.5335335335	0.968	0.252	0.000
0.5345345345	0.970	0.241	0.000
0.5355355355	0.973	0.231	0.000
0.5365365365	0.975	0.220	0.000
0.5375375375	0.978	0.209	0.000
0.5385385385	0.980	0.198	0.000
0.5395395395	0.982	0.186	0.000
0.5405405405	0.985	0.174	0.000
0.5415415415	0.987	0.162	0.000
0.5425425425	0.989	0.150	0.000
0.5435435435	0.991	0.137	0.000
0.5445445445	0.992	0.124	0.000
0.5455455455	0.994	0.110	0.000
0.5465465465	0.995	0.097	0.000
0.5475475475	0.997	0.083	0.000
0.5485485485	0.998	0.068	0.000
0.5495495495	0.999	0.054	0.000
0.5505505506	0.999	0.039	0.000
0.5515515516	1.000	0.024	0.000
0.5525525526	1.000	0.009	0.000
0.5535535536	1.000	-0.007	0.000
0.5545545546	1.000	-0.023	0.000
0.5555555556	0.999	-0.039	0.000
0.5565565566	0.998	-0.055	0.000
0.5575575576	0.997	-0.071	0.000
0.5585585586	0.996	-0.088	0.000
0.5595595596	0.994	-0.105	0.000
0.5605605606	0.993	-0.122	0.000
0.5615615616	0.990	-0.140	0.000
0.5625625626	0.988	-0.157	0.000
0.5635635636	0.985	-0.175	0.000
0.5645645646	0.981	-0.193	0.000
0.5655655656	0.978	-0.211	0.000
0.5665665666	0.974	-0.229	0.000
0.5675675676	0.969	-0.247	0.000
0.5685685686	0.964	-0.265	0.000
0.5695695696	0.959	-0.284	0.000
0.5705705706	0.953	-0.302	0.000
0.5715715716	0.947	-0.321	0.000
0.5725725726	0.941	-0.340	0.000
0.5735735736	0.934	-0.358	0.000
0.5745745746	0.926	-0.377	0.000
0.5755755756	0.918	-0.396	0.000
0.5765765766	0.910	-0.415	0.000
0.5775775776	0.901	-0.433	0.000
0.5785785786	0.892	-0.452	0.000
0.5795795796	0.882	-0.471	0.000
0.5805805806	0.872	-0.489	0.000
0.5815815816	0.861	-0.508	0.000
0.5825825826	0.850	-0.527	0.000
0.5835835836	0.839	-0.545	0.000
0.5845845846	0.826	-0.563	0.000
0.5855855856	0.814	-0.581	0.000
0.5865865866	0.801	-0.599	0.000
0.5875875876	0.787	-0.617	0.000
0.5885885886	0.773	-0.634	0.000
0.5895895896	0.758	-0.652	0.000
0.5905905906	0.743	-0.669	0.000
0.5915915916	0.728	-0.686	0.000
0.5925925926	0.712	-0.702	0.000
0.5935935936	0.695	-0.719	0.000
0.5945945946	0.678	-0.735	0.000
0.5955955956	0.661	-0.750	0.000
0.5965965966	0.643	-0.766	0.000
0.5975975976	0.625	-0.781	0.000
0.5985985986	0.606	-0.795	0.000
0.5995995996	0.587	-0.809	0.000
0.6006006006	0.568	-0.823	0.000
0.6016016016	0.548	-0.837	0.000
0.6026026026	0.527	-0.850	0.000
0.6036036036	0.507	-0.862	0.000
0.6046046046	0.486	-0.874	0.000
0.6056056056	0.464	-0.886	0.000
0.6066066066	0.442	-0.897	0.000
0.6076076076	0.420	-0.907	0.000
0.6086086086	0.398	-0.917	0.000
0.6096096096	0.375	-0.927	0.000
0.6106106106	0.352	-0.936	0.000
0.6116116116	0.329	-0.944	0.000
0.6126126126	0.305	-0.952	0.000
0.6136136136	0.281	-0.960	0.000
0.6146146146	0.257	-0.966	0.000
0.6156156156	0.233	-0.972	0.000
0.6166166166	0.209	-0.978	0.000
0.6176176176	0.184	-0.983	0.000
0.6186186186	0.160	-0.987	0.000
0.6196196196	0.135	-0.991	0.000
0.6206206206	0.110	-0.994	0.000
0.6216216216	0.085	-0.996	0.000
0.6226226226	0.060	-0.998	0.000
0.6236236236	0.035	-0.999	0.000
0.6246246246	0.009	-1.000	0.000
0.6256256256	-0.016	-1.000	0.000
0.6266266266	-0.041	-0.999	0.000
0.6276276276	-0.066	-0.998	0.000
0.6286286286	-0.091	-0.996	0.000
0.6296296296	-0.116	-0.993	0.000
0.6306306306	-0.141	-0.990	0.000
0.6316316316	-0.166	-0.986	0.000
0.6326326326	-0.190	-0.982	0.000
0.6336336336	-0.215	-0.977	0.000
0.6346346346	-0.239	-0.971	0.000
0.6356356356	-0.263	-0.965	0.000
0.6366366366	-0.287	-0.958	0.000
0.6376376376	-0.311	-0.950	0.000
0.6386386386	-0.335	-0.942	0.000
0.6396396396	-0.358	-0.934	0.000
0.6406406406	-0.381	-0.925	0.000
0.6416416416	-0.403	-0.915	0.000
0.6426426426	-0.426	-0.905	0.000
0.6436436436	-0.448	-0.894	0.000
0.6446446446	-0.469	-0.883	0.000
0.6456456456	-0.491	-0.871	0.000
0.6466466466	-0.512	-0.859	0.000
0.6476476476	-0.532	-0.846	0.000
0.6486486486	-0.553	-0.833	0.000
0.6496496496	-0.573	-0.820	0.000
0.6506506507	-0.592	-0.806	0.000
0.6516516517	-0.611	-0.792	0.000
0.6526526527	-0.630	-0.777	0.000
0.6536536537	-0.648	-0.762	0.000
0.6546546547	-0.666	-0.746	0.000
0.6556556557	-0.683	-0.731	0.000
0.6566566567	-0.700	-0.715	0.000
0.6576576577	-0.716	-0.698	0.000
0.6586586587	-0.732	-0.682	0.000
0.6596596597	-0.747	-0.665	0.000
0.6606606607	-0.762	-0.647	0.000
0.6616616617	-0.777	-0.630	0.000
0.6626626627	-0.790	-0.612	0.000
0.6636636637	-0.804	-0.595	0.000
0.6646646647	-0.817	-0.577	0.000
0.6656656657	-0.829	-0.559	0.000
0.6666666667	-0.841	-0.540	0.000
0.6676676677	-0.853	-0.522	0.000
0.6686686687	-0.864	-0.503	0.000
0.6696696697	-0.875	-0.485	0.000
0.6706706707	-0.885	-0.466	0.000
0.6716716717	-0.894	-0.447	0.000
0.6726726727	-0.903	-0.429	0.000
0.6736736737	-0.912	-0.410	0.000
0.6746746747	-0.920	-0.391	0.000
0.6756756757	-0.928	-0.372	0.000
0.6766766767	-0.935	-0.354	0.000
0.6776776777	-0.942	-0.335	0.000
0.6786786787	-0.949	-0.316	0.000
0.6796796797	-0.955	-0.298	0.000
0.6806806807	-0.960	-0.279	0.000
0.6816816817	-0.965	-0.261	0.000
0.6826826827	-0.970	-0.242	0.000
0.6836836837	-0.975	-0.224	0.000
0.6846846847	-0.979	-0.206	0.000
0.6856856857	-0.982	-0.188	0.000
0.6866866867	-0.985	-0.170	0.000
0.6876876877	-0.988	-0.153	0.000
0.6886886887	-0.991	-0.135	0.000
0.6896896897	-0.993	-0.118	0.000
0.6906906907	-0.995	-0.101	0.000
0.6916916917	-0.996	-0.084	0.000
0.6926926927	-0.998	-0.067	0.000
0.6936936937	-0.999	-0.051	0.000
0.6946946947	-0.999	-0.035	0.000
0.6956956957	-1.000	-0.019	0.000
0.6966966967	-1.000	-0.003	0.000
0.6976976977	-1.000	0.013	0.000
0.6986986987	-1.000	0.028	0.000
0.6996996997	-0.999	0.043	0.000
0.7007007007	-0.998	0.057	0.000
0.7017017017	-0.997	0.072	0.000
0.7027027027	-0.996	0.086	0.000
0.7037037037	-0.995	0.100	0.000
0.7047047047	-0.994	0.114	0.000
0.7057057057	-0.992	0.127	0.000
0.7067067067	-0.990	0.140	0.000
0.7077077077	-0.988	0.153	0.000
0.7087087087	-0.986	0.165	0.000
0.7097097097	-0.984	0.177	0.000
0.7107107107	-0.982	0.189	0.000
0.7117117117	-0.980	0.201	0.000
0.7127127127	-0.977	0.212	0.000
0.7137137137	-0.975	0.223	0.000
0.7147147147	-0.972	0.234	0.000
0.7157157157	-0.970	0.244	0.000
0.7167167167	-0.967	0.254	0.000
0.7177177177	-0.965	0.264	0.000
0.7187187187	-0.962	0.273	0.000
0.7197197197	-0.959	0.282	0.000
0.7207207207	-0.957	0.291	0.000
0.7217217217	-0.954	0.300	0.000
0.7227227227	-0.951	0.308	0.000
0.7237237237	-0.949	0.316	0.000
0.7247247247	-0.946	0.323	0.000
0.7257257257	-0.944	0.331	0.000
0.7267267267	-0.941	0.338	0.000
0.7277277277	-0.939	0.344	0.000
0.7287287287	-0.937	0.351	0.000
0.7297297297	-0.934	0.357	0.000
0.7307307307	-0.932	0.362	0.000
0.7317317317	-0.930	0.368	0.000
0.7327327327	-0.928	0.373	0.000
0.7337337337	-0.926	0.378	0.000
0.7347347347	-0.924	0.383	0.000
0.7357357357	-0.922	0.387	0.000
0.7367367367	-0.920	0.391	0.000
0.7377377377	-0.919	0.394	0.000
0.7387387387	-0.917	0.398	0.000
0.7397397397	-0.916	0.401	0.000
0.7407407407	-0.915	0.404	0.000
0.7417417417	-0.914	0.406	0.000
0.7427427427	-0.913	0.409	0.000
0.7437437437	-0.912	0.411	0.000
0.7447447447	-0.911	0.412	0.000
0.7457457457	-0.910	0.414	0.000
0.7467467467	-0.910	0.415	0.000
0.7477477477	-0.910	0.415	0.000
0.7487487487	-0.909	0.416	0.000
0.7497497497	-0.909	0.416	0.000
0.7507507508	-0.909	0.416	0.000
0.7517517518	-0.909	0.416	0.000
0.7527527528	-0.910	0.415	0.000
0.7537537538	-0.910	0.414	0.000
0.7547547548	-0.911	0.413	0.000
0.7557557558	-0.911	0.411	0.000
0.7567567568	-0.912	0.410	0.000
0.7577577578	-0.913	0.407	0.000
0.7587587588	-0.914	0.405	0.000
0.7597597598	-0.915	0.402	0.000
0.7607607608	-0.917	0.399	0.000
0.7617617618	-0.918	0.396	0.000
0.7627627628	-0.920	0.393	0.000
0.7637637638	-0.921	0.389	0.000
0.7647647648	-0.923	0.385	0.000
0.7657657658	-0.925	0.380	0.000
0.7667667668	-0.927	0.376	0.000
0.7677677678	-0.929	0.371	0.000
0.7687687688	-0.931	0.365	0.000
0.7697697698	-0.933	0.360	0.000
0.7707707708	-0.935	0.354	0.000
0.7717717718	-0.938	0.347	0.000
0.7727727728	-0.940	0.341	0.000
0.7737737738	-0.943	0.334	0.000
0.7747747748	-0.945	0.327	0.000
0.7757757758	-0.948	0.319	0.000
0.7767767768	-0.950	0.312	0.000
0.7777777778	-0.953	0.304	0.000
0.7787787788	-0.955	0.295	0.000
0.7797797798	-0.958	0.287	0.000
0.7807807808	-0.961	0.278	0.000
0.7817817818	-0.963	0.268	0.000
0.7827827828	-0.966	0.259	0.000
0.7837837838	-0.969	0.249	0.000
0.7847847848	-0.971	0.239	0.000
0.7857857858	-0.974	0.228	0.000
0.7867867868	-0.976	0.218	0.000
0.7877877878	-0.978	0.206	0.000
0.7887887888	-0.981	0.195	0.000
0.7897897898	-0.983	0.183	0.000
0.7907907908	-0.985	0.171	0.000
0.7917917918	-0.987	0.159	0.000
0.7927927928	-0.989	0.146	0.000
0.7937937938	-0.991	0.134	0.000
0.7947947948	-0.993	0.120	0.000
0.7957957958	-0.994	0.107	0.000
0.7967967968	-0.996	0.093	0.000
0.7977977978	-0.997	0.079	0.000
0.7987987988	-0.998	0.065	0.000
0.7997997998	-0.999	0.050	0.000
0.8008008008	-0.999	0.035	0.000
0.8018018018	-1.000	0.020	0.000
0.8028028028	-1.000	0.005	0.000
0.8038038038	-1.000	-0.011	0.000
0.8048048048	-1.000	-0.027	0.000
0.8058058058	-0.999	-0.043	0.000
0.8068068068	-0.998	-0.059	0.000
0.8078078078	-0.997	-0.076	0.000
0.8088088088	-0.996	-0.092	0.000
0.8098098098	-0.994	-0.109	0.000
0.8108108108	-0.992	-0.127	0.000
0.8118118118	-0.990	-0.144	0.000
0.8128128128	-0.987	-0.161	0.000
0.8138138138	-0.984	-0.179	0.000
0.8148148148	-0.980	-0.197	0.000
0.8158158158	-0.977	-0.215	0.000
0.8168168168	-0.972	-0.233	0.000
0.8178178178	-0.968	-0.251	0.000
0.8188188188	-0.963	-0.270	0.000
0.8198198198	-0.958	-0.288	0.000
0.8208208208	-0.952	-0.307	0.000
0.8218218218	-0.946	-0.326	0.000
0.8228228228	-0.939	-0.344	0.000
0.8238238238	-0.932	-0.363	0.000
0.8248248248	-0.924	-0.382	0.000
0.8258258258	-0.916	-0.401	0.000
0.8268268268	-0.908	-0.419	0.000
0.8278278278	-0.899	-0.438	0.000
0.8288288288	-0.890	-0.457	0.000
0.8298298298	-0.880	-0.476	0.000
0.8308308308	-0.869	-0.494	0.000
0.8318318318	-0.859	-0.513	0.000
0.8328328328	-0.847	-0.531	0.000
0.8338338338	-0.836	-0.549	0.000
0.8348348348	-0.823	-0.568	0.000
0.8358358358	-0.811	-0.586	0.000
0.8368368368	-0.797	-0.604	0.000
0.8378378378	-0.784	-0.621	0.000
0.8388388388	-0.769	-0.639	0.000
0.8398398398	-0.755	-0.656	0.000
0.8408408408	-0.740	-0.673	0.000
0.8418418418	-0.724	-0.690	0.000
0.8428428428	-0.708	-0.706	0.000
0.8438438438	-0.691	-0.723	0.000
0.8448448448	-0.674	-0.739	0.000
0.8458458458	-0.657	-0.754	0.000
0.8468468468	-0.639	-0.769	0.000
0.8478478478	-0.620	-0.784	0.000
0.8488488488	-0.602	-0.799	0.000
0.8498498498	-0.582	-0.813	0.000
0.8508508509	-0.563	-0.827	0.000
0.8518518519	-0.543	-0.840	0.000
0.8528528529	-0.522	-0.853	0.000
0.8538538539	-0.501	-0.865	0.000
0.8548548549	-0.480	-0.877	0.000
0.8558558559	-0.459	-0.889	0.000
0.8568568569	-0.437	-0.900	0.000
0.8578578579	-0.415	-0.910	0.000
0.8588588589	-0.392	-0.920	0.000
0.8598598599	-0.369	-0.929	0.000
0.8608608609	-0.346	-0.938	0.000
0.8618618619	-0.323	-0.946	0.000
0.8628628629	-0.299	-0.954	0.000
0.8638638639	-0.275	-0.961	0.000
0.8648648649	-0.251	-0.968	0.000
0.8658658659	-0.227	-0.974	0.000
0.8668668669	-0.203	-0.979	0.000
0.8678678679	-0.178	-0.984	0.000
0.8688688689	-0.153	-0.988	0.000
0.8698698699	-0.128	-0.992	0.000
0.8708708709	-0.104	-0.995	0.000
0.8718718719	-0.079	-0.997	0.000
0.8728728729	-0.053	-0.999	0.000
0.8738738739	-0.028	-1.000	0.000
0.8748748749	-0.003	-1.000	0.000
0.8758758759	0.022	-1.000	0.000
0.8768768769	0.047	-0.999	0.000
0.8778778779	0.072	-0.997	0.000
0.8788788789	0.097	-0.995	0.000
0.8798798799	0.122	-0.992	0.000
0.8808808809	0.147	-0.989	0.000
0.8818818819	0.172	-0.985	0.000
0.8828828829	0.197	-0.981	0.000
0.8838838839	0.221	-0.975	0.000
0.8848848849	0.245	-0.969	0.000
0.8858858859	0.269	-0.963	0.000
0.8868868869	0.293	-0.956	0.000
0.8878878879	0.317	-0.948	0.000
0.8888888889	0.340	-0.940	0.000
0.8898898899	0.364	-0.932	0.000
0.8908908909	0.386	-0.922	0.000
0.8918918919	0.409	-0.913	0.000
0.8928928929	0.431	-0.902	0.000
0.8938938939	0.453	-0.891	0.000
0.8948948949	0.475	-0.880	0.000
0.8958958959	0.496	-0.868	0.000
0.8968968969	0.517	-0.856	0.000
0.8978978979	0.538	-0.843	0.000
0.8988988989	0.558	-0.830	0.000
0.8998998999	0.577	-0.816	0.000
0.9009009009	0.597	-0.802	0.000
0.9019019019	0.616	-0.788	0.000
0.9029029029	0.634	-0.773	0.000
0.9039039039	0.652	-0.758	0.000
0.9049049049	0.670	-0.742	0.000
0.9059059059	0.687	-0.727	0.000
0.9069069069	0.704	-0.710	0.000
0.9079079079	0.720	-0.694	0.000
0.9089089089	0.736	-0.677	0.000
0.9099099099	0.751	-0.660	0.000
0.9109109109	0.766	-0.643	0.000
0.9119119119	0.780	-0.626	0.000
0.9129129129	0.794	-0.608	0.000
0.9139139139	0.807	-0.590	0.000
0.9149149149	0.820	-0.572	0.000
0.9159159159	0.833	-0.554	0.000
0.9169169169	0.844	-0.536	0.000
0.9179179179	0.856	-0.517	0.000
0.9189189189	0.867	-0.499	0.000
0.9199199199	0.877	-0.480	0.000
0.9209209209	0.887	-0.461	0.000
0.9219219219	0.897	-0.443	0.000
0.9229229229	0.906	-0.424	0.000
0.9239239239	0.914	-0.405	0.000
0.9249249249	0.922	-0.386	0.000
0.9259259259	0.930	-0.368	0.000
0.9269269269	0.937	-0.349	0.000
0.9279279279	0.944	-0.330	0.000
0.9289289289	0.950	-0.312	0.000
0.9299299299	0.956	-0.293	0.000
0.9309309309	0.962	-0.274	0.000
0.9319319319	0.967	-0.256	0.000
0.9329329329	0.971	-0.238	0.000
0.9339339339	0.976	-0.220	0.000
0.9349349349	0.979	-0.202	0.000
0.9359359359	0.983	-0.184	0.000
0.9369369369	0.986	-0.166	0.000
0.9379379379	0.989	-0.148	0.000
0.9389389389	0.991	-0.131	0.000
0.9399399399	0.994	-0.114	0.000
0.9409409409	0.995	-0.097	0.000
0.9419419419	0.997	-0.080	0.000
0.9429429429	0.998	-0.063	0.000
0.9439439439	0.999	-0.047	0.000
0.9449449449	1.000	-0.031	0.000
0.9459459459	1.000	-0.015	0.000
0.9469469469	1.000	0.001	0.000
0.9479479479	1.000	0.016	0.000
0.9489489489	1.000	0.032	0.000
0.9499499499	0.999	0.046	0.000
0.9509509510	0.998	0.061	0.000
0.9519519520	0.997	0.076	0.000
0.9529529530	0.996	0.090	0.000
0.9539539540	0.995	0.103	0.000
0.9549549550	0.993	0.117	0.000
0.9559559560	0.991	0.130	0.000
0.9569569570	0.990	0.143	0.000
0.9579579580	0.988	0.156	0.000
0.9589589590	0.986	0.168	0.000
0.9599599600	0.984	0.180	0.000
0.9609609610	0.981	0.192	0.000
0.9619619620	0.979	0.204	0.000
0.9629629630	0.977	0.215	0.000
0.9639639640	0.974	0.226	0.000
0.9649649650	0.972	0.236	0.000
0.9659659660	0.969	0.246	0.000
0.9669669670	0.967	0.256	0.000
0.9679679680	0.964	0.266	0.000
0.9689689690	0.961	0.275	0.000
0.9699699700	0.959	0.284	0.000
0.9709709710	0.956	0.293	0.000
0.9719719720	0.953	0.302	0.000
0.9729729730	0.951	0.310	0.000
0.9739739740	0.948	0.318	0.000
0.9749749750	0.946	0.325	0.000
0.9759759760	0.943	0.332	0.000
0.9769769770	0.941	0.339	0.000
0.9779779780	0.938	0.346	0.000
0.9789789790	0.936	0.352	0.000
0.9799799800	0.934	0.358	0.000
0.9809809810	0.931	0.364	0.000
0.9819819820	0.929	0.369	0.000
0.9829829830	0.927	0.374	0.000
0.9839839840	0.925	0.379	0.000
0.9849849850	0.923	0.384	0.000
0.9859859860	0.922	0.388	0.000
0.9869869870	0.920	0.392	0.000
0.9879879880	0.919	0.395	0.000
0.9889889890	0.917	0.399	0.000
0.9899899900	0.916	0.402	0.000
0.9909909910	0.915	0.404	0.000
0.9919919920	0.913	0.407	0.000
0.9929929930	0.912	0.409	0.000
0.9939939940	0.912	0.411	0.000
0.9949949950	0.911	0.413	0.000
0.9959959960	0.910	0.414	0.000
0.9969969970	0.910	0.415	0.000
0.9979979980	0.910	0.416	0.000
0.9989989990	0.909	0.416	0.000
1.0000000000	0.909	0.416	0.000
